1.0000000000000000e-02 7.0342736665372288e-02
1.0069316688518039e-02 7.0342670885337605e-02
1.0139113857366794e-02 7.0342604190349864e-02
1.0209394837076797e-02 7.0342536567685313e-02
1.0280162981264735e-02 7.0342468004442063e-02
1.0351421666793436e-02 7.0342398487539648e-02
1.0423174293933041e-02 7.0342328003716259e-02
1.0495424286523220e-02 7.0342256539523987e-02
1.0568175092136586e-02 7.0342184081329501e-02
1.0641430182243158e-02 7.0342110615309122e-02
1.0715193052376065e-02 7.0342036127447702e-02
1.0789467222298286e-02 7.0341960603535356e-02
1.0864256236170655e-02 7.0341884029162818e-02
1.0939563662720937e-02 7.0341806389722664e-02
1.1015393095414151e-02 7.0341727670404031e-02
1.1091748152624009e-02 7.0341647856188821e-02
1.1168632477805612e-02 7.0341566931851229e-02
1.1246049739669263e-02 7.0341484881953728e-02
1.1324003632355572e-02 7.0341401690845060e-02
1.1402497875611685e-02 7.0341317342653975e-02
1.1481536214968830e-02 7.0341231821290970e-02
1.1561122421920988e-02 7.0341145110441303e-02
1.1641260294104915e-02 7.0341057193564274e-02
1.1721953655481303e-02 7.0340968053890243e-02
1.1803206356517298e-02 7.0340877674413924e-02
1.1885022274370183e-02 7.0340786037895647e-02
1.1967405313072436e-02 7.0340693126855924e-02
1.2050359403717974e-02 7.0340598923571418e-02
1.2133888504649774e-02 7.0340503410072655e-02
1.2217996601648717e-02 7.0340406568141570e-02
1.2302687708123818e-02 7.0340308379305924e-02
1.2387965865303691e-02 7.0340208824836339e-02
1.2473835142429432e-02 7.0340107885743755e-02
1.2560299636948748e-02 7.0340005542774725e-02
1.2647363474711517e-02 7.0339901776409225e-02
1.2735030810166616e-02 7.0339796566854573e-02
1.2823305826560218e-02 7.0339689894044252e-02
1.2912192736135341e-02 7.0339581737631843e-02
1.3001695780332907e-02 7.0339472076988721e-02
1.3091819229994070e-02 7.0339360891199854e-02
1.3182567385564075e-02 7.0339248159058676e-02
1.3273944577297395e-02 7.0339133859064665e-02
1.3365955165464419e-02 7.0339017969417633e-02
1.3458603540559484e-02 7.0338900468016233e-02
1.3551894123510363e-02 7.0338781332449557e-02
1.3645831365889245e-02 7.0338660539996795e-02
1.3740419750125150e-02 7.0338538067621539e-02
1.3835663789717810e-02 7.0338413891966753e-02
1.3931568029453036e-02 7.0338287989350698e-02
1.4028137045619582e-02 7.0338160335763039e-02
1.4125375446227540e-02 7.0338030906858418e-02
1.4223287871228198e-02 7.0337899677956464e-02
1.4321878992735432e-02 7.0337766624029865e-02
1.4421153515248688e-02 7.0337631719706764e-02
1.4521116175877421e-02 7.0337494939261225e-02
1.4621771744567183e-02 7.0337356256608891e-02
1.4723125024327186e-02 7.0337215645305401e-02
1.4825180851459537e-02 7.0337073078537385e-02
1.4927944095789960e-02 7.0336928529119713e-02
1.5031419660900224e-02 7.0336781969489587e-02
1.5135612484362080e-02 7.0336633371700374e-02
1.5240527537972915e-02 7.0336482707417686e-02
1.5346169827992941e-02 7.0336329947913695e-02
1.5452544395384141e-02 7.0336175064060966e-02
1.5559656316050743e-02 7.0336018026328301e-02
1.5667510701081494e-02 7.0335858804773693e-02
1.5776112696993486e-02 7.0335697369039385e-02
1.5885467485977790e-02 7.0335533688345733e-02
1.5995580286146689e-02 7.0335367731485118e-02
1.6106456351782705e-02 7.0335199466818099e-02
1.6218100973589299e-02 7.0335028862263657e-02
1.6330519478943345e-02 7.0334855885296005e-02
1.6443717232149314e-02 7.0334680502939187e-02
1.6557699634695285e-02 7.0334502681755937e-02
1.6672472125510627e-02 7.0334322387847675e-02
1.6788040181225608e-02 7.0334139586843314e-02
1.6904409316432639e-02 7.0333954243894284e-02
1.7021585083949509e-02 7.0333766323669805e-02
1.7139573075084253e-02 7.0333575790346173e-02
1.7258378919902041e-02 7.0333382607604425e-02
1.7378008287493755e-02 7.0333186738619033e-02
1.7498466886246566e-02 7.0332988146053890e-02
1.7619760464116292e-02 7.0332786792056290e-02
1.7741894808901662e-02 7.0332582638245253e-02
1.7864875748520508e-02 7.0332375645707060e-02
1.7988709151287873e-02 7.0332165774990310e-02
1.8113400926196024e-02 7.0331952986092849e-02
1.8238957023196382e-02 7.0331737238457953e-02
1.8365383433483463e-02 7.0331518490967193e-02
1.8492686189780779e-02 7.0331296701929266e-02
1.8620871366628676e-02 7.0331071829076053e-02
1.8749945080674194e-02 7.0330843829551071e-02
1.8879913490962935e-02 7.0330612659903244e-02
1.9010782799232996e-02 7.0330378276077743e-02
1.9142559250210859e-02 7.0330140633410476e-02
1.9275249131909367e-02 7.0329899686614600e-02
1.9408858775927781e-02 7.0329655389776854e-02
1.9543394557753942e-02 7.0329407696343674e-02
1.9678862897068449e-02 7.0329156559119671e-02
1.9815270258050979e-02 7.0328901930250598e-02
1.9952623149688799e-02 7.0328643761219709e-02
2.0090928126087277e-02 7.0328382002836948e-02
2.0230191786782717e-02 7.0328116605229071e-02
2.0370420777057179e-02 7.0327847517831193e-02
2.0511621788255656e-02 7.0327574689375741e-02
2.0653801558105291e-02 7.0327298067885513e-02
2.0796966871036958e-02 7.0327017600660388e-02
2.0941124558508925e-02 7.0326733234269412e-02
2.1086281499332896e-02 7.0326444914541028e-02
2.1232444620002192e-02 7.0326152586550797e-02
2.1379620895022326e-02 7.0325856194613234e-02
2.1527817347243728e-02 7.0325555682269753e-02
2.1677041048196951e-02 7.0325250992279126e-02
2.1827299118430014e-02 7.0324942066604945e-02
2.1978598727848252e-02 7.0324628846406487e-02
2.2130947096056376e-02 7.0324311272026804e-02
2.2284351492703042e-02 7.0323989282982266e-02
2.2438819237827663e-02 7.0323662817947649e-02
2.2594357702209782e-02 7.0323331814749382e-02
2.2750974307720707e-02 7.0322996210351887e-02
2.2908676527677724e-02 7.0322655940843373e-02
2.3067471887200691e-02 7.0322310941427255e-02
2.3227367963571076e-02 7.0321961146407611e-02
2.3388372386593550e-02 7.0321606489179345e-02
2.3550492838960088e-02 7.0321246902209963e-02
2.3713737056616554e-02 7.0320882317034913e-02
2.3878112829131781e-02 7.0320512664237181e-02
2.4043628000069334e-02 7.0320137873439159e-02
2.4210290467361777e-02 7.0319757873285732e-02
2.4378108183687526e-02 7.0319372591435544e-02
2.4547089156850312e-02 7.0318981954540352e-02
2.4717241450161305e-02 7.0318585888238971e-02
2.4888573182823902e-02 7.0318184317137475e-02
2.5061092530321138e-02 7.0317777164797257e-02
2.5234807724805755e-02 7.0317364353720616e-02
2.5409727055493051e-02 7.0316945805334666e-02
2.5585858869056451e-02 7.0316521439979754e-02
2.5763211570025753e-02 7.0316091176890277e-02
2.5941793621188151e-02 7.0315654934182736e-02
2.6121613543992065e-02 7.0315212628838275e-02
2.6302679918953815e-02 7.0314764176688249e-02
2.6485001386067009e-02 7.0314309492397753e-02
2.6668586645214792e-02 7.0313848489450007e-02
2.6853444456585076e-02 7.0313381080129286e-02
2.7039583641088435e-02 7.0312907175504424e-02
2.7227013080779128e-02 7.0312426685414028e-02
2.7415741719278821e-02 7.0311939518445166e-02
2.7605778562203462e-02 7.0311445581922205e-02
2.7797132677592883e-02 7.0310944781883142e-02
2.7989813196343631e-02 7.0310437023067898e-02
2.8183829312644536e-02 7.0309922208893705e-02
2.8379190284415566e-02 7.0309400241442582e-02
2.8575905433749466e-02 7.0308871021441705e-02
2.8773984147356695e-02 7.0308334448240625e-02
2.8973435877013228e-02 7.0307790419800273e-02
2.9174270140011675e-02 7.0307238832664792e-02
2.9376496519615308e-02 7.0306679581948806e-02
2.9580124665515465e-02 7.0306112561314513e-02
2.9785164294291896e-02 7.0305537662952000e-02
2.9991625189876515e-02 7.0304954777560130e-02
3.0199517204020161e-02 7.0304363794326016e-02
3.0408850256762800e-02 7.0303764600901361e-02
3.0619634336906773e-02 7.0303157083384596e-02
3.0831879502493532e-02 7.0302541126300161e-02
3.1045595881283555e-02 7.0301916612572526e-02
3.1260793671239559e-02 7.0301283423507555e-02
3.1477483141013160e-02 7.0300641438769726e-02
3.1695674630434899e-02 7.0299990536359075e-02
3.1915378551007616e-02 7.0299330592588541e-02
3.2136605386403179e-02 7.0298661482061639e-02
3.2359365692962827e-02 7.0297983077646925e-02
3.2583670100200871e-02 7.0297295250455041e-02
3.2809529311311904e-02 7.0296597869816069e-02
3.3036954103681487e-02 7.0295890803253325e-02
3.3265955329400451e-02 7.0295173916458911e-02
3.3496543915782759e-02 7.0294447073269845e-02
3.3728730865886888e-02 7.0293710135638149e-02
3.3962527259040851e-02 7.0292962963613856e-02
3.4197944251370890e-02 7.0292205415307729e-02
3.4434993076333839e-02 7.0291437346874347e-02
3.4673685045253165e-02 7.0290658612478407e-02
3.4914031547858625e-02 7.0289869064272231e-02
3.5156044052829814e-02 7.0289068552366510e-02
3.5399734108343461e-02 7.0288256924799425e-02
3.5645113342624428e-02 7.0287434027513071e-02
3.5892193464500538e-02 7.0286599704321148e-02
3.6140986263961332e-02 7.0285753796883343e-02
3.6391503612720706e-02 7.0284896144671580e-02
3.6643757464783329e-02 7.0284026584941359e-02
3.6897759857015044e-02 7.0283144952705184e-02
3.7153522909717261e-02 7.0282251080695635e-02
3.7411058827205329e-02 7.0281344799340340e-02
3.7670379898390893e-02 7.0280425936724150e-02
3.7931498497368189e-02 7.0279494318564839e-02
3.8194427084004640e-02 7.0278549768171134e-02
3.8459178204535351e-02 7.0277592106418763e-02
3.8725764492161724e-02 7.0276621151711974e-02
3.8994198667654342e-02 7.0275636719951226e-02
3.9264493539959970e-02 7.0274638624499036e-02
3.9536662006812787e-02 7.0273626676146034e-02
3.9810717055349734e-02 7.0272600683073116e-02
4.0086671762730279e-02 7.0271560450819892e-02
4.0364539296760482e-02 7.0270505782244794e-02
4.0644332916521274e-02 7.0269436477492189e-02
4.0926065973001094e-02 7.0268352333950096e-02
4.1209751909733021e-02 7.0267253146219788e-02
4.1495404263436286e-02 7.0266138706070000e-02
4.1783036664662175e-02 7.0265008802405618e-02
4.2072662838444422e-02 7.0263863221223508e-02
4.2364296604954110e-02 7.0262701745575279e-02
4.2657951880159257e-02 7.0261524155525223e-02
4.2953642676488726e-02 7.0260330228112303e-02
4.3251383103500879e-02 7.0259119737308209e-02
4.3551187368556857e-02 7.0257892453973028e-02
4.3853069777498560e-02 7.0256648145816961e-02
4.4157044735331254e-02 7.0255386577355083e-02
4.4463126746910886e-02 7.0254107509863509e-02
4.4771330417636257e-02 7.0252810701336960e-02
4.5081670454146003e-02 7.0251495906443404e-02
4.5394161665020319e-02 7.0250162876479935e-02
4.5708818961487520e-02 7.0248811359323801e-02
4.6025657358135602e-02 7.0247441099391003e-02
4.6344691973628796e-02 7.0246051837584256e-02
4.6665938031428870e-02 7.0244643311248675e-02
4.6989410860521559e-02 7.0243215254124025e-02
4.7315125896148051e-02 7.0241767396291899e-02
4.7643098680541562e-02 7.0240299464130462e-02
4.7973344863668915e-02 7.0238811180263261e-02
4.8305880203977282e-02 7.0237302263505191e-02
4.8640720569146166e-02 7.0235772428816623e-02
4.8977881936844617e-02 7.0234221387246096e-02
4.9317380395493597e-02 7.0232648845881929e-02
4.9659232145033629e-02 7.0231054507792226e-02
5.0003453497697858e-02 7.0229438071979108e-02
5.0350060878790473e-02 7.0227799233317317e-02
5.0699070827470445e-02 7.0226137682501313e-02
5.1050499997540619e-02 7.0224453105988419e-02
5.1404365158242593e-02 7.0222745185941793e-02
5.1760683195056764e-02 7.0221013600170329e-02
5.2119471110508055e-02 7.0219258022074321e-02
5.2480746024977258e-02 7.0217478120584459e-02
5.2844525177518024e-02 7.0215673560097391e-02
5.3210825926679424e-02 7.0213844000423367e-02
5.3579665751334174e-02 7.0211989096715499e-02
5.3951062251512763e-02 7.0210108499412963e-02
5.4325033149243307e-02 7.0208201854176422e-02
5.4701596289397157e-02 7.0206268801823832e-02
5.5080769640540352e-02 7.0204308978264227e-02
5.5462571295791074e-02 7.0202322014432272e-02
5.5847019473683063e-02 7.0200307536225456e-02
5.6234132519034911e-02 7.0198265164428952e-02
5.6623928903825345e-02 7.0196194514654670e-02
5.7016427228074748e-02 7.0194095197268033e-02
5.7411646220732741e-02 7.0191966817320275e-02
5.7809604740571813e-02 7.0189808974473106e-02
5.8210321777087161e-02 7.0187621262931793e-02
5.8613816451402879e-02 7.0185403271368837e-02
5.9020108017184415e-02 7.0183154582852320e-02
5.9429215861557270e-02 7.0180874774770627e-02
5.9841159506031985e-02 7.0178563418756140e-02
6.0255958607435781e-02 7.0176220080608129e-02
6.0673632958850525e-02 7.0173844320215534e-02
6.1094202490557206e-02 7.0171435691481612e-02
6.1517687270986832e-02 7.0168993742239102e-02
6.1944107507678148e-02 7.0166518014172619e-02
6.2373483548241918e-02 7.0164008042736481e-02
6.2805835881331804e-02 7.0161463357073378e-02
6.3241185137621975e-02 7.0158883479927672e-02
6.3679552090791583e-02 7.0156267927563382e-02
6.4120957658516151e-02 7.0153616209677624e-02
6.4565422903465564e-02 7.0150927829313550e-02
6.5012969034309087e-02 7.0148202282771674e-02
6.5463617406727501e-02 7.0145439059523557e-02
6.5917389524432130e-02 7.0142637642118588e-02
6.6374307040190900e-02 7.0139797506094170e-02
6.6834391756861483e-02 7.0136918119883249e-02
6.7297665628431785e-02 7.0133998944721498e-02
6.7764150761067496e-02 7.0131039434550874e-02
6.8233869414166967e-02 7.0128039035924516e-02
6.8706844001423212e-02 7.0124997187911528e-02
6.9183097091893631e-02 7.0121913321996604e-02
6.9662651411076873e-02 7.0118786861981558e-02
7.0145529841997137e-02 7.0115617223883084e-02
7.0631755426296197e-02 7.0112403815834015e-02
7.1121351365332888e-02 7.0109146037978715e-02
7.1614341021290204e-02 7.0105843282365993e-02
7.2110747918289975e-02 7.0102494932849591e-02
7.2610595743515471e-02 7.0099100364975908e-02
7.3113908348341722e-02 7.0095658945877520e-02
7.3620709749473615e-02 7.0092170034164791e-02
7.4131024130091774e-02 7.0088632979813215e-02
7.4644875841006653e-02 7.0085047124053737e-02
7.5162289401820528e-02 7.0081411799257809e-02
7.5683289502097434e-02 7.0077726328821269e-02
7.6207901002541226e-02 7.0073990027050961e-02
7.6736148936181900e-02 7.0070202199045403e-02
7.7268058509570220e-02 7.0066362140577931e-02
7.7803655103980407e-02 7.0062469137972247e-02
7.8342964276621199e-02 7.0058522467984913e-02
7.8886011761855446e-02 7.0054521397680342e-02
7.9432823472428138e-02 7.0050465184306063e-02
7.9983425500702851e-02 7.0046353075168669e-02
8.0537844119906693e-02 7.0042184307502295e-02
8.1096105785384079e-02 7.0037958108343998e-02
8.1658237135859221e-02 7.0033673694399487e-02
8.2224264994707127e-02 7.0029330271914991e-02
8.2794216371233451e-02 7.0024927036540216e-02
8.3368118461963445e-02 7.0020463173195907e-02
8.3945998651939732e-02 7.0015937855935337e-02
8.4527884516028995e-02 7.0011350247808718e-02
8.5113803820237671e-02 7.0006699500719582e-02
8.5703784523036966e-02 7.0001984755288196e-02
8.6297854776697019e-02 6.9997205140704954e-02
8.6896042928630193e-02 6.9992359774588592e-02
8.7498377522743642e-02 6.9987447762838828e-02
8.8104887300801418e-02 6.9982468199487696e-02
8.8715601203796082e-02 6.9977420166553908e-02
8.9330548373329544e-02 6.9972302733886466e-02
8.9949758153003559e-02 6.9967114959017654e-02
9.0573260089820029e-02 6.9961855887005361e-02
9.1201083935590968e-02 6.9956524550277330e-02
9.1833259648358104e-02 6.9951119968476083e-02
9.2469817393822248e-02 6.9945641148296170e-02
9.3110787546783008e-02 6.9940087083325789e-02
9.3756200692588026e-02 6.9934456753882060e-02
9.4406087628592358e-02 6.9928749126848766e-02
9.5060479365628142e-02 6.9922963155509305e-02
9.5719407129484416e-02 6.9917097779376144e-02
9.6382902362397049e-02 6.9911151924024695e-02
9.7050996724548991e-02 6.9905124500921720e-02
9.7723722095581070e-02 6.9899014407249382e-02
9.8401110576113351e-02 6.9892820525732924e-02
9.9083194489276757e-02 6.9886541724461584e-02
9.9770006382255361e-02 6.9880176856710829e-02
1.0046157902783952e-01 6.9873724760764477e-02
1.0115794542598988e-01 6.9867184259727474e-02
1.0185913880541170e-01 6.9860554161348842e-02
1.0256519262514079e-01 6.9853833257825848e-02
1.0327614057613975e-01 6.9847020325626841e-02
1.0399201658290595e-01 6.9840114125294755e-02
1.0471285480508996e-01 6.9833113401258584e-02
1.0543868963912592e-01 6.9826016881640723e-02
1.0616955571987247e-01 6.9818823278059286e-02
1.0690548792226577e-01 6.9811531285433381e-02
1.0764652136298350e-01 6.9804139581783789e-02
1.0839269140212034e-01 6.9796646828033646e-02
1.0914403364487565e-01 6.9789051667801749e-02
1.0990058394325208e-01 6.9781352727204898e-02
1.1066237839776664e-01 6.9773548614645062e-02
1.1142945335917298e-01 6.9765637920605778e-02
1.1220184543019636e-01 6.9757619217441072e-02
1.1297959146727976e-01 6.9749491059164337e-02
1.1376272858234310e-01 6.9741251981231989e-02
1.1455129414455355e-01 6.9732900500331305e-02
1.1534532578210924e-01 6.9724435114162583e-02
1.1614486138403426e-01 6.9715854301216976e-02
1.1694993910198712e-01 6.9707156520562544e-02
1.1776059735208072e-01 6.9698340211612295e-02
1.1857687481671603e-01 6.9689403793907215e-02
1.1939881044642731e-01 6.9680345666885024e-02
1.2022644346174131e-01 6.9671164209657077e-02
1.2105981335504823e-01 6.9661857780771302e-02
1.2189895989248667e-01 6.9652424717987715e-02
1.2274392311584072e-01 6.9642863338040872e-02
1.2359474334445107e-01 6.9633171936404475e-02
1.2445146117713850e-01 6.9623348787056491e-02
1.2531411749414162e-01 6.9613392142239064e-02
1.2618275345906707e-01 6.9603300232217280e-02
1.2705741052085420e-01 6.9593071265039844e-02
1.2793813041575247e-01 6.9582703426293024e-02
1.2882495516931342e-01 6.9572194878855492e-02
1.2971792709839558e-01 6.9561543762652250e-02
1.3061708881318418e-01 6.9550748194404766e-02
1.3152248321922383e-01 6.9539806267381779e-02
1.3243415351946650e-01 6.9528716051148659e-02
1.3335214321633240e-01 6.9517475591310926e-02
1.3427649611378642e-01 6.9506082909261191e-02
1.3520725631942773e-01 6.9494536001926607e-02
1.3614446824659504e-01 6.9482832841502973e-02
1.3708817661648537e-01 6.9470971375204832e-02
1.3803842646028852e-01 6.9458949525000188e-02
1.3899526312133534e-01 6.9446765187346743e-02
1.3995873225726185e-01 6.9434416232936808e-02
1.4092887984218747e-01 6.9421900506424480e-02
1.4190575216890927e-01 6.9409215826167103e-02
1.4288939585111030e-01 6.9396359983955117e-02
1.4387985782558452e-01 6.9383330744744759e-02
1.4487718535447616e-01 6.9370125846392156e-02
1.4588142602753482e-01 6.9356742999380966e-02
1.4689262776438669e-01 6.9343179886553877e-02
1.4791083881682071e-01 6.9329434162841777e-02
1.4893610777109154e-01 6.9315503454987409e-02
1.4996848355023731e-01 6.9301385361280041e-02
1.5100801541641484e-01 6.9287077451276199e-02
1.5205475297324955e-01 6.9272577265527172e-02
1.5310874616820302e-01 6.9257882315306066e-02
1.5417004529495593e-01 6.9242990082332104e-02
1.5523870099580825e-01 6.9227898018492356e-02
1.5631476426409538e-01 6.9212603545572335e-02
1.5739828644662196e-01 6.9197104054974617e-02
1.5848931924611134e-01 6.9181396907447623e-02
1.5958791472367329e-01 6.9165479432804225e-02
1.6069412530128771e-01 6.9149348929651439e-02
1.6180800376430662e-01 6.9133002665112658e-02
1.6292960326397224e-01 6.9116437874550699e-02
1.6405897731995395e-01 6.9099651761296108e-02
1.6519617982290150e-01 6.9082641496370251e-02
1.6634126503701699e-01 6.9065404218214110e-02
1.6749428760264373e-01 6.9047937032410578e-02
1.6865530253887415e-01 6.9030237011420303e-02
1.6982436524617442e-01 6.9012301194300768e-02
1.7100153150902880e-01 6.8994126586443744e-02
1.7218685749860069e-01 6.8975710159303066e-02
1.7338039977541383e-01 6.8957048850127697e-02
1.7458221529205037e-01 6.8938139561697323e-02
1.7579236139586932e-01 6.8918979162055527e-02
1.7701089583174212e-01 6.8899564484249276e-02
1.7823787674480898e-01 6.8879892326070044e-02
1.7947336268325265e-01 6.8859959449789426e-02
1.8071741260109275e-01 6.8839762581911504e-02
1.8197008586099836e-01 6.8819298412912747e-02
1.8323144223712121e-01 6.8798563596996945e-02
1.8450154191794738e-01 6.8777554751841191e-02
1.8578044550916989e-01 6.8756268458357320e-02
1.8706821403658005e-01 6.8734701260444842e-02
1.8836490894898011e-01 6.8712849664757381e-02
1.8967059212111465e-01 6.8690710140464878e-02
1.9098532585662378e-01 6.8668279119027120e-02
1.9230917289101584e-01 6.8645552993961828e-02
1.9364219639466068e-01 6.8622528120627690e-02
1.9498445997580455e-01 6.8599200816004235e-02
1.9633602768360464e-01 6.8575567358479528e-02
1.9769696401118608e-01 6.8551623987642946e-02
1.9906733389871864e-01 6.8527366904082121e-02
2.0044720273651614e-01 6.8502792269188026e-02
2.0183663636815607e-01 6.8477896204960712e-02
2.0323570109362218e-01 6.8452674793828383e-02
2.0464446367246739e-01 6.8427124078466767e-02
2.0606299132700007e-01 6.8401240061626956e-02
2.0749135174549097e-01 6.8375018705972651e-02
2.0892961308540398e-01 6.8348455933921248e-02
2.1037784397664752e-01 6.8321547627495746e-02
2.1183611352485021e-01 6.8294289628179711e-02
2.1330449131465762e-01 6.8266677736787643e-02
2.1478304741305343e-01 6.8238707713337857e-02
2.1627185237270202e-01 6.8210375276936838e-02
2.1777097723531591e-01 6.8181676105672454e-02
2.1928049353504486e-01 6.8152605836519123e-02
2.2080047330189004e-01 6.8123160065246380e-02
2.2233098906514029e-01 6.8093334346348261e-02
2.2387211385683400e-01 6.8063124192972668e-02
2.2542392121524293e-01 6.8032525076871797e-02
2.2698648518838224e-01 6.8001532428355410e-02
2.2855988033754299e-01 6.7970141636262305e-02
2.3014418174085088e-01 6.7938348047943048e-02
2.3173946499684786e-01 6.7906146969254580e-02
2.3334580622810033e-01 6.7873533664566402e-02
2.3496328208483072e-01 6.7840503356788137e-02
2.3659196974857588e-01 6.7807051227400925e-02
2.3823194693586902e-01 6.7773172416511651e-02
2.3988329190194910e-01 6.7738862022921439e-02
2.4154608344449405e-01 6.7704115104203905e-02
2.4322040090738159e-01 6.7668926676810445e-02
2.4490632418447456e-01 6.7633291716181945e-02
2.4660393372343400e-01 6.7597205156883555e-02
2.4831331052955705e-01 6.7560661892757751e-02
2.5003453616964322e-01 6.7523656777093488e-02
2.5176769277588557e-01 6.7486184622814929e-02
2.5351286304979082e-01 6.7448240202691828e-02
2.5527013026612472e-01 6.7409818249569542e-02
2.5703957827688634e-01 6.7370913456617304e-02
2.5882129151530919e-01 6.7331520477602796e-02
2.6061535499988953e-01 6.7291633927182792e-02
2.6242185433844417e-01 6.7251248381224746e-02
2.6424087573219462e-01 6.7210358377143828e-02
2.6607250597988097e-01 6.7168958414268287e-02
2.6791683248190312e-01 6.7127042954230068e-02
2.6977394324449205e-01 6.7084606421380255e-02
2.7164392688390820e-01 6.7041643203226434e-02
2.7352687263067127e-01 6.6998147650906351e-02
2.7542287033381663e-01 6.6954114079678134e-02
2.7733201046518408e-01 6.6909536769450023e-02
2.7925438412373377e-01 6.6864409965328858e-02
2.8119008303989407e-01 6.6818727878207584e-02
2.8313919957993788e-01 6.6772484685375708e-02
2.8510182675039097e-01 6.6725674531166429e-02
2.8707805820246907e-01 6.6678291527632022e-02
2.8906798823654761e-01 6.6630329755258663e-02
2.9107171180666053e-01 6.6581783263705854e-02
2.9308932452503211e-01 6.6532646072588991e-02
2.9512092266663853e-01 6.6482912172292172e-02
2.9716660317380267e-01 6.6432575524817655e-02
2.9922646366081890e-01 6.6381630064677122e-02
3.0130060241861217e-01 6.6330069699816044e-02
3.0338911841942706e-01 6.6277888312576250e-02
3.0549211132155141e-01 6.6225079760703562e-02
3.0760968147407081e-01 6.6171637878390380e-02
3.0974192992165811e-01 6.6117556477363421e-02
3.1188895840939368e-01 6.6062829348013691e-02
3.1405086938762183e-01 6.6007450260565717e-02
3.1622776601683794e-01 6.5951412966295184e-02
3.1841975217261254e-01 6.5894711198790437e-02
3.2062693245054658e-01 6.5837338675261509e-02
3.2284941217126362e-01 6.5779289097888674e-02
3.2508729738543440e-01 6.5720556155230411e-02
3.2734069487883827e-01 6.5661133523670243e-02
3.2960971217745777e-01 6.5601014868918575e-02
3.3189445755261049e-01 6.5540193847561407e-02
3.3419504002611428e-01 6.5478664108664111e-02
3.3651156937549082e-01 6.5416419295425035e-02
3.3884415613920255e-01 6.5353453046883489e-02
3.4119291162192866e-01 6.5289758999678038e-02
3.4355794789987465e-01 6.5225330789867697e-02
3.4593937782612189e-01 6.5160162054800130e-02
3.4833731503601184e-01 6.5094246435046646e-02
3.5075187395256796e-01 6.5027577576379114e-02
3.5318316979195702e-01 6.4960149131824477e-02
3.5563131856898528e-01 6.4891954763763818e-02
3.5809643710263606e-01 6.4822988146098978e-02
3.6057864302164233e-01 6.4753242966476013e-02
3.6307805477010141e-01 6.4682712928573666e-02
3.6559479161312486e-01 6.4611391754451505e-02
3.6812897364253150e-01 6.4539273186964466e-02
3.7068072178257599e-01 6.4466350992236243e-02
3.7325015779572063e-01 6.4392618962202969e-02
3.7583740428844414e-01 6.4318070917217252e-02
3.7844258471709336e-01 6.4242700708722067e-02
3.8106582339377298e-01 6.4166502221988539e-02
3.8370724549227886e-01 6.4089469378922334e-02
3.8636697705406914e-01 6.4011596140933380e-02
3.8904514499428067e-01 6.3932876511882925e-02
3.9174187710778308e-01 6.3853304541086217e-02
3.9445730207527846e-01 6.3772874326397014e-02
3.9719154946944030e-01 6.3691580017350966e-02
3.9994474976109756e-01 6.3609415818385875e-02
4.0271703432545908e-01 6.3526375992125017e-02
4.0550853544838394e-01 6.3442454862736794e-02
4.0831938633269210e-01 6.3357646819360902e-02
4.1114972110452230e-01 6.3271946319602132e-02
4.1399967481973043e-01 6.3185347893100957e-02
4.1686938347033553e-01 6.3097846145168682e-02
4.1975898399100753e-01 6.3009435760491270e-02
4.2266861426560309e-01 6.2920111506910750e-02
4.2559841313374308e-01 6.2829868239263606e-02
4.2854852039743963e-01 6.2738700903299777e-02
4.3151907682776525e-01 6.2646604539659603e-02
4.3451022417157165e-01 6.2553574287927863e-02
4.3752210515825207e-01 6.2459605390747054e-02
4.4055486350655343e-01 6.2364693197999435e-02
4.4360864393143257e-01 6.2268833171054472e-02
4.4668359215096326e-01 6.2172020887082104e-02
4.4977985489328798e-01 6.2074252043422665e-02
4.5289757990362089e-01 6.1975522462026665e-02
4.5603691595129620e-01 6.1875828093943971e-02
4.5919801283686873e-01 6.1775165023886545e-02
4.6238102139926035e-01 6.1673529474829847e-02
4.6558609352295888e-01 6.1570917812684076e-02
4.6881338214526524e-01 6.1467326551010282e-02
4.7206304126359044e-01 6.1362752355791562e-02
4.7533522594280536e-01 6.1257192050243991e-02
4.7863009232263826e-01 6.1150642619688500e-02
4.8194779762512741e-01 6.1043101216449534e-02
4.8528850016212099e-01 6.0934565164805526e-02
4.8865235934283363e-01 6.0825031965970056e-02
4.9203953568145087e-01 6.0714499303111596e-02
4.9545019080479030e-01 6.0602965046397179e-02
4.9888448746001218e-01 6.0490427258072639e-02
5.0234258952238720e-01 6.0376884197554118e-02
5.0582466200311405e-01 6.0262334326546735e-02
5.0933087105719554e-01 6.0146776314178647e-02
5.1286138399136483e-01 6.0030209042134922e-02
5.1641636927207102e-01 5.9912631609811022e-02
5.1999599653351591e-01 5.9794043339449911e-02
5.2360043658575028e-01 5.9674443781290519e-02
5.2722986142282269e-01 5.9553832718694369e-02
5.3088444423098846e-01 5.9432210173259829e-02
5.3456435939697167e-01 5.9309576409914043e-02
5.3826978251628843e-01 5.9185931941973552e-02
5.4200089040162380e-01 5.9061277536173212e-02
5.4575786109127100e-01 5.8935614217650978e-02
5.4954087385762451e-01 5.8808943274882848e-02
5.5335010921573680e-01 5.8681266264560945e-02
5.5718574893192985e-01 5.8552585016409558e-02
5.6104797603247059e-01 5.8422901637924990e-02
5.6493697481230254e-01 5.8292218519037889e-02
5.6885293084384159e-01 5.8160538336684081e-02
5.7279603098582921e-01 5.8027864059277894e-02
5.7676646339225091e-01 5.7894198951077995e-02
5.8076441752131203e-01 5.7759546576433438e-02
5.8479008414448086e-01 5.7623910803910973e-02
5.8884365535558902e-01 5.7487295810270712e-02
5.9292532458000002e-01 5.7349706084314445e-02
5.9703528658383687e-01 5.7211146430554582e-02
6.0117373748327818e-01 5.7071621972728158e-02
6.0534087475391363e-01 5.6931138157128199e-02
6.0953689724016935e-01 5.6789700755734557e-02
6.1376200516479429e-01 5.6647315869153281e-02
6.1801640013841608e-01 5.6503989929327349e-02
6.2230028516915958e-01 5.6359729702028454e-02
6.2661386467233526e-01 5.6214542289100861e-02
6.3095734448019336e-01 5.6068435130453252e-02
6.3533093185174361e-01 5.5921416005781724e-02
6.3973483548264820e-01 5.5773493036013505e-02
6.4416926551517717e-01 5.5624674684451890e-02
6.4863443354823846e-01 5.5474969757614991e-02
6.5313055264747233e-01 5.5324387405750707e-02
6.5765783735542060e-01 5.5172937123011932e-02
6.6221650370176188e-01 5.5020628747284271e-02
6.6680676921362225e-01 5.4867472459640930e-02
6.7142885292595222e-01 5.4713478783421948e-02
6.7608297539198192e-01 5.4558658582911992e-02
6.8076935869374144e-01 5.4403023061609414e-02
6.8548822645266172e-01 5.4246583760071909e-02
6.9023980384024186e-01 5.4089352553313055e-02
6.9502431758879690e-01 5.3931341647748689e-02
6.9984199600227348e-01 5.3772563577671635e-02
7.0469306896714701e-01 5.3613031201239315e-02
7.0957776796338878e-01 5.3452757695956012e-02
7.1449632607551350e-01 5.3291756553648803e-02
7.1944897800369945e-01 5.3130041574907895e-02
7.2443596007499023e-01 5.2967626862982578e-02
7.2945751025456873e-01 5.2804526817120681e-02
7.3451386815711506e-01 5.2640756125340075e-02
7.3960527505823781e-01 5.2476329756612684e-02
7.4473197390598922e-01 5.2311262952448957e-02
7.4989420933245587e-01 5.2145571217881985e-02
7.5509222766543416e-01 5.1979270311822375e-02
7.6032627694018184e-01 5.1812376236788020e-02
7.6559660691125653e-01 5.1644905227993379e-02
7.7090346906443008e-01 5.1476873741777091e-02
7.7624711662869195e-01 5.1308298443390458e-02
7.8162780458832970e-01 5.1139196194098895e-02
7.8704578969509886e-01 5.0969584037623063e-02
7.9250133048047178e-01 5.0799479185898028e-02
7.9799468726797684e-01 5.0628899004147992e-02
8.0352612218561725e-01 5.0457860995276951e-02
8.0909589917838254e-01 5.0286382783569644e-02
8.1470428402083961e-01 5.0114482097707275e-02
8.2035154432981849e-01 4.9942176753094536e-02
8.2603794957717880e-01 4.9769484633504495e-02
8.3176377110267086e-01 4.9596423672040015e-02
8.3752928212688260e-01 4.9423011831427749e-02
8.4333475776427524e-01 4.9249267083644008e-02
8.4918047503631389e-01 4.9075207388890200e-02
8.5506671288468317e-01 4.8900850673916786e-02
8.6099375218460072e-01 4.8726214809731876e-02
8.6696187575821648e-01 4.8551317588691342e-02
8.7297136838811173e-01 4.8376176701000632e-02
8.7902251683088428e-01 4.8200809710646129e-02
8.8511560983083559e-01 4.8025234030781218e-02
8.9125093813374545e-01 4.7849466898596482e-02
8.9742879450074864e-01 4.7673525349698362e-02
9.0364947372230142e-01 4.7497426192036389e-02
9.0991327263225175e-01 4.7321185979406606e-02
9.1622049012199969e-01 4.7144820984580116e-02
9.2257142715476337e-01 4.6968347172086936e-02
9.2896638677993626e-01 4.6791780170710361e-02
9.3540567414755205e-01 4.6615135245735337e-02
9.4188959652284132e-01 4.6438427271004341e-02
9.4841846330089730e-01 4.6261670700835159e-02
9.5499258602143589e-01 4.6084879541858415e-02
9.6161227838366481e-01 4.5908067324844100e-02
9.6827785626124907e-01 4.5731247076570530e-02
9.7498963771738723e-01 4.5554431291817160e-02
9.8174794301998436e-01 4.5377631905548665e-02
9.8855309465693908e-01 4.5200860265365204e-02
9.9540541735152699e-01 4.5024127104304791e-02
1.0023052380778994e+00 4.4847442514077469e-02
1.0092528860766845e+00 4.4670815918817351e-02
1.0162486928706960e+00 4.4494256049447858e-02
1.0232929922807548e+00 4.4317770918751200e-02
1.0303861204416158e+00 4.4141367797237735e-02
1.0375284158180127e+00 4.3965053189918946e-02
1.0447202192208003e+00 4.3788832814086534e-02
1.0519618738232235e+00 4.3612711578201457e-02
1.0592537251772887e+00 4.3436693562004206e-02
1.0665961212302579e+00 4.3260781997957042e-02
1.0739894123412450e+00 4.3084979254129956e-02
1.0814339512979387e+00 4.2909286818646739e-02
1.0889300933334332e+00 4.2733705285807257e-02
1.0964781961431851e+00 4.2558234344006046e-02
1.1040786199020736e+00 4.2382872765559992e-02
1.1117317272815919e+00 4.2207618398575543e-02
1.1194378834671515e+00 4.2032468160957993e-02
1.1271974561755105e+00 4.1857418036703058e-02
1.1350108156723155e+00 4.1682463074566675e-02
1.1428783347897713e+00 4.1507597389247940e-02
1.1508003889444356e+00 4.1332814165188032e-02
1.1587773561551262e+00 4.1158105663104405e-02
1.1668096170609630e+00 4.0983463229361181e-02
1.1748975549395291e+00 4.0808877308290983e-02
1.1830415557251646e+00 4.0634337457560024e-02
1.1912420080273751e+00 4.0459832366674386e-02
1.1994993031493792e+00 4.0285349878717472e-02
1.2078138351067798e+00 4.0110877015399921e-02
1.2161860006463678e+00 3.9936400005494345e-02
1.2246161992650488e+00 3.9761904316725209e-02
1.2331048332289096e+00 3.9587374691163878e-02
1.2416523075924106e+00 3.9412795184182774e-02
1.2502590302177201e+00 3.9238149206993853e-02
1.2589254117941675e+00 3.9063419572803376e-02
1.2676518658578462e+00 3.8888588546585230e-02
1.2764388088113434e+00 3.8713637898470411e-02
1.2852866599436155e+00 3.8538548960735670e-02
1.2941958414499863e+00 3.8363302688349497e-02
1.3031667784523000e+00 3.8187879723027555e-02
1.3121998990192028e+00 3.8012260460725415e-02
1.3212956341865751e+00 3.7836425122477785e-02
1.3304544179780915e+00 3.7660353828475442e-02
1.3396766874259358e+00 3.7484026675248881e-02
1.3489628825916533e+00 3.7307423815814346e-02
1.3583134465871542e+00 3.7130525542594391e-02
1.3677288255958495e+00 3.6953312372933020e-02
1.3772094688939474e+00 3.6775765136973802e-02
1.3867558288718882e+00 3.6597865067664062e-02
1.3963683610559376e+00 3.6419593892614711e-02
1.4060475241299144e+00 3.6240933927520827e-02
1.4157937799570823e+00 3.6061868170834455e-02
1.4256075936021879e+00 3.5882380399333676e-02
1.4354894333536561e+00 3.5702455264231922e-02
1.4454397707459279e+00 3.5522078387431995e-02
1.4554590805819669e+00 3.5341236457506885e-02
1.4655478409559113e+00 3.5159917324968828e-02
1.4757065332758947e+00 3.4978110096364867e-02
1.4859356422870074e+00 3.4795805226714237e-02
1.4962356560944343e+00 3.4612994609780214e-02
1.5066070661867417e+00 3.4429671665654547e-02
1.5170503674593367e+00 3.4245831425110826e-02
1.5275660582380732e+00 3.4061470610168995e-02
1.5381546403030342e+00 3.3876587710301879e-02
1.5488166189124812e+00 3.3691183053699843e-02
1.5595525028269539e+00 3.3505258873001362e-02
1.5703628043335531e+00 3.3318819364900554e-02
1.5812480392703827e+00 3.3131870743026155e-02
1.5922087270511700e+00 3.2944421283499142e-02
1.6032453906900417e+00 3.2756481362584307e-02
1.6143585568264869e+00 3.2568063485844213e-02
1.6255487557504833e+00 3.2379182308241543e-02
1.6368165214278085e+00 3.2189854644629104e-02
1.6481623915255086e+00 3.2000099470118316e-02
1.6595869074375613e+00 3.1809937909817364e-02
1.6710906143107072e+00 3.1619393217490119e-02
1.6826740610704674e+00 3.1428490742709404e-02
1.6943378004473288e+00 3.1237257886129820e-02
1.7060823890031243e+00 3.1045724042564910e-02
1.7179083871575875e+00 3.0853920531590886e-02
1.7298163592151015e+00 3.0661880515491149e-02
1.7418068733916146e+00 3.0469638904396374e-02
1.7538805018417620e+00 3.0277232248576525e-02
1.7660378206861640e+00 3.0084698617901341e-02
1.7782794100389228e+00 2.9892077468592387e-02
1.7906058540352947e+00 2.9699409497468604e-02
1.8030177408595698e+00 2.9506736483991561e-02
1.8155156627731350e+00 2.9314101120523732e-02
1.8281002161427427e+00 2.9121546831311254e-02
1.8407720014689564e+00 2.8929117580823196e-02
1.8535316234148125e+00 2.8736857672189833e-02
1.8663796908346695e+00 2.8544811536600663e-02
1.8793168168032686e+00 2.8353023514640648e-02
1.8923436186449760e+00 2.8161537630666641e-02
1.9054607179632483e+00 2.7970397361442599e-02
1.9186687406702891e+00 2.7779645400369146e-02
1.9319683170169242e+00 2.7589323418765216e-02
1.9453600816226635e+00 2.7399471825765964e-02
1.9588446735059910e+00 2.7210129528507796e-02
1.9724227361148534e+00 2.7021333694378289e-02
1.9860949173573716e+00 2.6833119517197392e-02
1.9998618696327448e+00 2.6645519989270419e-02
2.0137242498623893e+00 2.6458565681349071e-02
2.0276827195212817e+00 2.6272284532563254e-02
2.0417379446695296e+00 2.6086701652459580e-02
2.0558905959841427e+00 2.5901839137293860e-02
2.0701413487910414e+00 2.5717715902731662e-02
2.0844908830972888e+00 2.5534347535121339e-02
2.0989398836235242e+00 2.5351746163448489e-02
2.1134890398366477e+00 2.5169920354043543e-02
2.1281390459827114e+00 2.4988875030025653e-02
2.1428906011200586e+00 2.4808611417373491e-02
2.1577444091526670e+00 2.4629127019375547e-02
2.1727011788637456e+00 2.4450415621051318e-02
2.1877616239495516e+00 2.4272467324969044e-02
2.2029264630534562e+00 2.4095268619643614e-02
2.2181964198002193e+00 2.3918802481482211e-02
2.2335722228305328e+00 2.3743048510961130e-02
2.2490546058357803e+00 2.3567983103418382e-02
2.2646443075930596e+00 2.3393579654536496e-02
2.2803420720004186e+00 2.3219808800219267e-02
2.2961486481123630e+00 2.3046638690217062e-02
2.3120647901755942e+00 2.2874035294444199e-02
2.3280912576650081e+00 2.2701962740533418e-02
2.3442288153199229e+00 2.2530383680742613e-02
2.3604782331805780e+00 2.2359259685895892e-02
2.3768402866248759e+00 2.2188551663600734e-02
2.3933157564053875e+00 2.2018220297545431e-02
2.4099054286865957e+00 2.1848226504239378e-02
2.4266100950824168e+00 2.1678531903140820e-02
2.4434305526939712e+00 2.1509099295708028e-02
2.4603676041476272e+00 2.1339893148524552e-02
2.4774220576332864e+00 2.1170880075304623e-02
2.4945947269429563e+00 2.1002029312269951e-02
2.5118864315095797e+00 2.0833313181126377e-02
2.5292979964461448e+00 2.0664707533660572e-02
2.5468302525850417e+00 2.0496192171551207e-02
2.5644840365177188e+00 2.0327751236863825e-02
2.5822601906345959e+00 2.0159373562845671e-02
2.6001595631652723e+00 1.9991052984479597e-02
2.6181830082189861e+00 1.9822788598675152e-02
2.6363313858253816e+00 1.9654584970098903e-02
2.6546055619755391e+00 1.9486452277067020e-02
2.6730064086633116e+00 1.9318406392680211e-02
2.6915348039269169e+00 1.9150468896955822e-02
2.7101916318908419e+00 1.8982667016403321e-02
2.7289777828080406e+00 1.8815033488277164e-02
2.7478941531023975e+00 1.8647606347636795e-02
2.7669416454115128e+00 1.8480428636323574e-02
2.7861211686297693e+00 1.8313548034051278e-02
2.8054336379517131e+00 1.8147016412954495e-02
2.8248799749157074e+00 1.7980889318162479e-02
2.8444611074479167e+00 1.7815225378244329e-02
2.8641779699065797e+00 1.7650085650675943e-02
2.8840315031266055e+00 1.7485532908808391e-02
2.9040226544644510e+00 1.7321630878135381e-02
2.9241523778433369e+00 1.7158443430955052e-02
2.9444216337987603e+00 1.6996033749746394e-02
2.9648313895243423e+00 1.6834463470754360e-02
2.9853826189179604e+00 1.6673791820306125e-02
3.0060763026282320e+00 1.6514074757302648e-02
3.0269134281013046e+00 1.6355364136065045e-02
3.0478949896279830e+00 1.6197706904255715e-02
3.0690219883911580e+00 1.6041144350923828e-02
3.0902954325135918e+00 1.5885711419778823e-02
3.1117163371060168e+00 1.5731436102610172e-02
3.1332857243155856e+00 1.5578338927248371e-02
3.1550046233746274e+00 1.5426432553669689e-02
3.1768740706497725e+00 1.5275721490700016e-02
3.1988951096913971e+00 1.5126201944314386e-02
3.2210687912834346e+00 1.4977861806736308e-02
3.2433961734934935e+00 1.4830680793424245e-02
3.2658783217233598e+00 1.4684630732619174e-02
3.2885163087598297e+00 1.4539676009427469e-02
3.3113112148259112e+00 1.4395774163465564e-02
3.3342641276323506e+00 1.4252876635944066e-02
3.3573761424295485e+00 1.4110929658760808e-02
3.3806483620598153e+00 1.3969875274775903e-02
3.4040818970100091e+00 1.3829652475009561e-02
3.4276778654645046e+00 1.3690198435139802e-02
3.4514373933585647e+00 1.3551449830421464e-02
3.4753616144320576e+00 1.3413344205138218e-02
3.4994516702835732e+00 1.3275821369989537e-02
3.5237087104248728e+00 1.3138824798510737e-02
3.5481338923357568e+00 1.3002302991830753e-02
3.5727283815192883e+00 1.2866210779851384e-02
3.5974933515574232e+00 1.2730510526401624e-02
3.6224299841669874e+00 1.2595173206120752e-02
3.6475394692560767e+00 1.2460179321845150e-02
3.6728230049808461e+00 1.2325519633142427e-02
3.6982817978026628e+00 1.2191195669402822e-02
3.7239170625456866e+00 1.2057220004531584e-02
3.7497300224548340e+00 1.1923616274824030e-02
3.7757219092541598e+00 1.1790418926956306e-02
3.8018939632056128e+00 1.1657672689131801e-02
3.8282474331682281e+00 1.1525431765203941e-02
3.8547835766577170e+00 1.1393758758892281e-02
3.8815036599064823e+00 1.1262723342871936e-02
3.9084089579240211e+00 1.1132400695365186e-02
3.9355007545577765e+00 1.1002869734670514e-02
3.9627803425543933e+00 1.0874211189606450e-02
3.9902490236214203e+00 1.0746505550872455e-02
4.0179081084893999e+00 1.0619830954566417e-02
4.0457589169744290e+00 1.0494261054306552e-02
4.0738027780411263e+00 1.0369862942302362e-02
4.1020410298660686e+00 1.0246695182085987e-02
4.1304750199016143e+00 1.0124806016223594e-02
4.1591061049402231e+00 1.0004231810999704e-02
4.1879356511791821e+00 9.8849957966763054e-03
4.2169650342858223e+00 9.7671071563876378e-03
4.2461956394631297e+00 9.6505605090504969e-03
4.2756288615158642e+00 9.5353358218814264e-03
4.3052661049171057e+00 9.4213987763973606e-03
4.3351087838752891e+00 9.3087015983371081e-03
4.3651583224016610e+00 9.1971843471129935e-03
4.3954161543782471e+00 9.0867766445720984e-03
4.4258837236262645e+00 8.9773998065099704e-03
4.4565624839750333e+00 8.8689693240693833e-03
4.4874538993313227e+00 8.7613976265059103e-03
4.5185594437492265e+00 8.6545970424210424e-03
4.5498806015004849e+00 8.5484828641519961e-03
4.5814188671453353e+00 8.4429764101959012e-03
4.6131757456037956e+00 8.3380079739714830e-03
4.6451527522274967e+00 8.2335195444201530e-03
4.6773514128719809e+00 8.1294671854052879e-03
4.7097732639695291e+00 8.0258229668832854e-03
4.7424198526024481e+00 7.9225763515873328e-03
4.7752927365769118e+00 7.8197349564603554e-03
4.8083934844972847e+00 7.7173246280825177e-03
4.8417236758409938e+00 7.6153887954235047e-03
4.8752849010338650e+00 7.5139870907427160e-03
4.9090787615260290e+00 7.4131932594815441e-03
4.9431068698683536e+00 7.3130924114267696e-03
4.9773708497893603e+00 7.2137776970223142e-03
5.0118723362727247e+00 7.1153465230212060e-03
5.0466129756352816e+00 7.0178964492125422e-03
5.0815944256056049e+00 6.9215209311743403e-03
5.1168183554030779e+00 6.8263050914249860e-03
5.1522864458175670e+00 6.7323217115819421e-03
5.1880003892896092e+00 6.6396276400594000e-03
5.2239618899911973e+00 6.5482608025654457e-03
5.2601726639070625e+00 6.4582379857394600e-03
5.2966344389165805e+00 6.3695535376284531e-03
5.3333489548762083e+00 6.2821790928479348e-03
5.3703179637025267e+00 6.1960643861650160e-03
5.4075432294558095e+00 6.1111391674602451e-03
5.4450265284242141e+00 6.0273161756305479e-03
5.4827696492085360e+00 5.9444950715287796e-03
5.5207743928075734e+00 5.8625671734394685e-03
5.5590425727040369e+00 5.7814207860445868e-03
5.5975760149511045e+00 5.7009468686566415e-03
5.6363765582595429e+00 5.6210447538852740e-03
5.6754460540854712e+00 5.5416276068448473e-03
5.7147863667186716e+00 5.4626273099419899e-03
5.7543993733715721e+00 5.3839984709783666e-03
5.7942869642688093e+00 5.3057212836530032e-03
5.8344510427374479e+00 5.2278030193580530e-03
5.8748935252977690e+00 5.1502779961080302e-03
5.9156163417547427e+00 5.0732059519508739e-03
5.9566214352901037e+00 4.9966688425171213e-03
5.9979107625550947e+00 4.9207661806103991e-03
6.0394862937638001e+00 4.8456091341569189e-03
6.0813500127871825e+00 4.7713136910194050e-03
6.1235039172477332e+00 4.6979932784899535e-03
6.1659500186148222e+00 4.6257512852225513e-03
6.2086903423006374e+00 4.5546739681017034e-03
6.2517269277568621e+00 4.4848242313766298e-03
6.2950618285719750e+00 4.4162367372262952e-03
6.3386971125692702e+00 4.3489147447113227e-03
6.3826348619054896e+00 4.2828289791216889e-03
6.4268771731702001e+00 4.2179187098905788e-03
6.4714261574858307e+00 4.1540950689397558e-03
6.5162839406084281e+00 4.0912464813229656e-03
6.5614526630290566e+00 4.0292459171325321e-03
6.6069344800759575e+00 3.9679595199542100e-03
6.6527315620174132e+00 3.9072560354245483e-03
6.6988460941652654e+00 3.8470163659713209e-03
6.7452802769792219e+00 3.7871425254906005e-03
6.7920363261718428e+00 3.7275652688764883e-03
6.8391164728142924e+00 3.6682497308117052e-03
6.8865229634427623e+00 3.6091985264988680e-03
6.9342580601656945e+00 3.5504519396038089e-03
6.9823240407717115e+00 3.4920850399807876e-03
7.0307231988383343e+00 3.4342018212299942e-03
7.0794578438413804e+00 3.3769267070839163e-03
7.1285303012651982e+00 3.3203940242750329e-03
7.1779429127136147e+00 3.2647362547823101e-03
7.2276980360217022e+00 3.2100720396498555e-03
7.2777980453682423e+00 3.1564949901859477e-03
7.3282453313890441e+00 3.1040643555509599e-03
7.3790423012910074e+00 3.0527984908645055e-03
7.4301913789670140e+00 3.0026718679639713e-03
7.4816950051115452e+00 2.9536160824137577e-03
7.5335556373371775e+00 2.9055249555609611e-03
7.5857757502918357e+00 2.8582634384572221e-03
7.6383578357769073e+00 2.8116796312717719e-03
7.6913044028660984e+00 2.7656188773047879e-03
7.7446179780251914e+00 2.7199386153069888e-03
7.7983011052325857e+00 2.6745225123676187e-03
7.8523563461007182e+00 2.6292923825949753e-03
7.9067862799982533e+00 2.5842165349594993e-03
7.9615935041731918e+00 2.5393134906059123e-03
8.0167806338767900e+00 2.4946504445819088e-03
8.0723503024883829e+00 2.4503363846546970e-03
8.1283051616409949e+00 2.4065103689770596e-03
8.1846478813479031e+00 2.3633260419901408e-03
8.2413811501300209e+00 2.3209339659138227e-03
8.2985076751442257e+00 2.2794636974916441e-03
8.3560301823124821e+00 2.2390076908902360e-03
8.4139514164519564e+00 2.1996090210328130e-03
8.4722741414059630e+00 2.1612545859499089e-03
8.5310011401758956e+00 2.1238748807867434e-03
8.5901352150539605e+00 2.0873506900283153e-03
8.6496791877569379e+00 2.0515261969371334e-03
8.7096358995608050e+00 2.0162271604099941e-03
8.7700082114363482e+00 1.9812820705503590e-03
8.8307990041856304e+00 1.9465436734120247e-03
8.8920111785794820e+00 1.9119080426905483e-03
8.9536476554959368e+00 1.8773285288928646e-03
9.0157113760595706e+00 1.8428224471133171e-03
9.0782053017818605e+00 1.8084692333366133e-03
9.1411324147024988e+00 1.7743999138885194e-03
9.2044957175317119e+00 1.7407789554964395e-03
9.2682982337934945e+00 1.7077807260965411e-03
9.3325430079699139e+00 1.6755637217775589e-03
9.3972331056463752e+00 1.6442462428539609e-03
9.4623716136579290e+00 1.6138872155327527e-03
9.5279616402365210e+00 1.5844753058323368e-03
9.5940063151593353e+00 1.5559283933888055e-03
9.6605087898981310e+00 1.5281039864523467e-03
9.7274722377696516e+00 1.5008194662565770e-03
9.7948998540869905e+00 1.4738794046440823e-03
9.8627948563121102e+00 1.4471058780104833e-03
9.9311604842093359e+00 1.4203669528284066e-03
1.0000000000000000e+01 1.3935985218431087e-03
1.0069316688518045e+01 1.3668154935512998e-03
1.0139113857366800e+01 1.3401099129831172e-03
1.0209394837076797e+01 1.3136357110870504e-03
1.0280162981264736e+01 1.2875821156028192e-03
1.0351421666793442e+01 1.2621399066128766e-03
1.0423174293933046e+01 1.2374662549381116e-03
1.0495424286523221e+01 1.2136544987366696e-03
1.0568175092136585e+01 1.1907146915967055e-03
1.0641430182243164e+01 1.1685690894891944e-03
1.0715193052376071e+01 1.1470641510962034e-03
1.0789467222298287e+01 1.1259975284712888e-03
1.0864256236170656e+01 1.1051554902246335e-03
1.0939563662720943e+01 1.0843538623198944e-03
1.1015393095414156e+01 1.0634744333412728e-03
1.1091748152624008e+01 1.0424891973859871e-03
1.1168632477805613e+01 1.0214668519407096e-03
1.1246049739669269e+01 1.0005593446478283e-03
1.1324003632355577e+01 9.7997036847833371e-04
1.1402497875611685e+01 9.5991171304495449e-04
1.1481536214968829e+01 9.4055639846604125e-04
1.1561122421920993e+01 9.2199878322910727e-04
1.1641260294104921e+01 9.0423090327102070e-04
1.1721953655481304e+01 8.8714118052910982e-04
1.1803206356517299e+01 8.7053686217560900e-04
1.1885022274370190e+01 8.5418609146771345e-04
1.1967405313072431e+01 8.3787060916755678e-04
1.2050359403717973e+01 8.2143697738900159e-04
1.2133888504649775e+01 8.0483382999581006e-04
1.2217996601648723e+01 7.8812532803865622e-04
1.2302687708123811e+01 7.7147633908436443e-04
1.2387965865303691e+01 7.5511174425229601e-04
1.2473835142429433e+01 7.3925906561454150e-04
1.2560299636948754e+01 7.2408851148342127e-04
1.2647363474711510e+01 7.0966608500203229e-04
1.2735030810166617e+01 6.9593287240579617e-04
1.2823305826560219e+01 6.8271734289698956e-04
1.2912192736135347e+01 6.6977885031508841e-04
1.3001695780332899e+01 6.5687173566645934e-04
1.3091819229994069e+01 6.4381297114955737e-04
1.3182567385564074e+01 6.3053422877548183e-04
1.3273944577297401e+01 6.1710259639532767e-04
1.3365955165464419e+01 6.0370240032225485e-04
1.3458603540559483e+01 5.9058170168873670e-04
1.3551894123510364e+01 5.7797790149055714e-04
1.3645831365889252e+01 5.6604415402790710e-04
1.3740419750125149e+01 5.5479936293699841e-04
1.3835663789717810e+01 5.4411852299378729e-04
1.3931568029453036e+01 5.3376836159854234e-04
1.4028137045619589e+01 5.2347893508808679e-04
1.4125375446227540e+01 5.1302952163644066e-04
1.4223287871228198e+01 5.0232110220139819e-04
1.4321878992735439e+01 4.9141053599726422e-04
1.4421153515248696e+01 4.8049304824464116e-04
1.4521116175877420e+01 4.6983664489725767e-04
1.4621771744567184e+01 4.5968907440880333e-04
1.4723125024327194e+01 4.5018892093126302e-04
1.4825180851459544e+01 4.4131284444200804e-04
1.4927944095789959e+01 4.3287978406410016e-04
1.5031419660900225e+01 4.2461322049413571e-04
1.5135612484362087e+01 4.1624099072696511e-04
1.5240527537972921e+01 4.0759670751500549e-04
1.5346169827992941e+01 3.9868405307137553e-04
1.5452544395384141e+01 3.8967730284062931e-04
1.5559656316050750e+01 3.8085493118511965e-04
1.5667510701081500e+01 3.7248965266823341e-04
1.5776112696993485e+01 3.6473726436253264e-04
1.5885467485977790e+01 3.5756968912362445e-04
1.5995580286146694e+01 3.5078199690138180e-04
1.6106456351782697e+01 3.4407385073554784e-04
1.6218100973589298e+01 3.3717413085044298e-04
1.6330519478943348e+01 3.2995697373670808e-04
1.6443717232149325e+01 3.2249812757331606e-04
1.6557699634695275e+01 3.1504394310678439e-04
1.6672472125510627e+01 3.0790292696721033e-04
1.6788040181225607e+01 3.0130563606069270e-04
1.6904409316432648e+01 2.9529602247035475e-04
1.7021585083949500e+01 2.8970638525019989e-04
1.7139573075084254e+01 2.8423157490203496e-04
1.7258378919902039e+01 2.7857138141226286e-04
1.7378008287493763e+01 2.7257503326128045e-04
1.7498466886246565e+01 2.6631678527001292e-04
1.7619760464116293e+01 2.6006178710143889e-04
1.7741894808901662e+01 2.5413452958968909e-04
1.7864875748520518e+01 2.4875283530754143e-04
1.7988709151287875e+01 2.4391196496678649e-04
1.8113400926196025e+01 2.3938200895478126e-04
1.8238957023196384e+01 2.3482503453536315e-04
1.8365383433483473e+01 2.2997413677566743e-04
1.8492686189780777e+01 2.2477926552985460e-04
1.8620871366628677e+01 2.1943756197043520e-04
1.8749945080674191e+01 2.1428602833437378e-04
1.8879913490962945e+01 2.0961143664683689e-04
1.9010782799232995e+01 2.0548331808907235e-04
1.9142559250210859e+01 2.0170854509600348e-04
1.9275249131909366e+01 1.9793975259128622e-04
1.9408858775927794e+01 1.9387943986194073e-04
1.9543394557753942e+01 1.8946008201373651e-04
1.9678862897068448e+01 1.8488842727098164e-04
1.9815270258050990e+01 1.8052040511013778e-04
1.9952623149688808e+01 1.7663816342988119e-04
2.0090928126087277e+01 1.7326751881319928e-04
2.0230191786782719e+01 1.7015584627570388e-04
2.0370420777057191e+01 1.6693192628886995e-04
2.0511621788255667e+01 1.6334940955254192e-04
2.0653801558105290e+01 1.5945356413434909e-04
2.0796966871036961e+01 1.5555420661934844e-04
2.0941124558508935e+01 1.5201512576846585e-04
2.1086281499332909e+01 1.4899949237462301e-04
2.1232444620002191e+01 1.4634991619781601e-04
2.1379620895022324e+01 1.4369511892342325e-04
2.1527817347243737e+01 1.4071533322552654e-04
2.1677041048196941e+01 1.3737759443519304e-04
2.1827299118430012e+01 1.3396394624507727e-04
2.1978598727848254e+01 1.3086238539453159e-04
2.2130947096056389e+01 1.2827059529940435e-04
2.2284351492703031e+01 1.2603865789919967e-04
2.2438819237827662e+01 1.2378026008236530e-04
2.2594357702209781e+01 1.2117522162403608e-04
2.2750974307720718e+01 1.1822748474778269e-04
2.2908676527677724e+01 1.1526599967979579e-04
2.3067471887200689e+01 1.1267697912060288e-04
2.3227367963571073e+01 1.1058056967725371e-04
2.3388372386593559e+01 1.0872394409596804e-04
2.3550492838960089e+01 1.0669169315545271e-04
2.3713737056616552e+01 1.0426360592163830e-04
2.3878112829131783e+01 1.0161061939172501e-04
2.4043628000069347e+01 9.9147355745379543e-05
2.4210290467361776e+01 9.7160391267781139e-05
2.4378108183687527e+01 9.5543317664619479e-05
2.4547089156850312e+01 9.3888561940701849e-05
2.4717241450161318e+01 9.1864339080178540e-05
2.4888573182823905e+01 8.9530018995002665e-05
2.5061092530321140e+01 8.7283840349588186e-05
2.5234807724805755e+01 8.5479062877455954e-05
2.5409727055493065e+01 8.4074043715464308e-05
2.5585858869056452e+01 8.2667314946657322e-05
2.5763211570025756e+01 8.0897586941499765e-05
2.5941793621188150e+01 7.8813389708762310e-05
2.6121613543992080e+01 7.6827659120264500e-05
2.6302679918953814e+01 7.5288517876217131e-05
2.6485001386067008e+01 7.4107573288610107e-05
2.6668586645214805e+01 7.2848230367207086e-05
2.6853444456585091e+01 7.1195780921210223e-05
2.7039583641088434e+01 6.9305349639152213e-05
2.7227013080779127e+01 6.7634163025733467e-05
2.7415741719278834e+01 6.6427891612101471e-05
2.7605778562203476e+01 6.5435930575664093e-05
2.7797132677592884e+01 6.4194485452523289e-05
2.7989813196343629e+01 6.2566986186110663e-05
2.8183829312644551e+01 6.0909652865859846e-05
2.8379190284415582e+01 5.9648892401468296e-05
2.8575905433749465e+01 5.8762707724181150e-05
2.8773984147356696e+01 5.7801460623193848e-05
2.8973435877013245e+01 5.6442286908208650e-05
2.9174270140011661e+01 5.4897222143515991e-05
2.9376496519615305e+01 5.3648190212549330e-05
2.9580124665515466e+01 5.2826694420560272e-05
2.9785164294291910e+01 5.2036969720405877e-05
2.9991625189876501e+01 5.0873030913912176e-05
3.0199517204020161e+01 4.9461762390688767e-05
3.0408850256762801e+01 4.8296268181957916e-05
3.0619634336906788e+01 4.7562739617701038e-05
3.0831879502493535e+01 4.6877850264759179e-05
3.1045595881283557e+01 4.5820437989438322e-05
3.1260793671239558e+01 4.4529231718743111e-05
3.1477483141013174e+01 4.3508581307798485e-05
3.1695674630434901e+01 4.2897466943325422e-05
3.1915378551007617e+01 4.2260370786516757e-05
3.2136605386403183e+01 4.1229824756839607e-05
3.2359365692962847e+01 4.0060529463470624e-05
3.2583670100200870e+01 3.9246334243893512e-05
3.2809529311311906e+01 3.8759779314001799e-05
3.3036954103681488e+01 3.8089389159115496e-05
3.3265955329400470e+01 3.7042396822890000e-05
3.3496543915782759e+01 3.6055076540724313e-05
3.3728730865886888e+01 3.5492689116240591e-05
3.3962527259040854e+01 3.5051106414351222e-05
3.4197944251370906e+01 3.4253377886978415e-05
3.4434993076333839e+01 3.3245465386284466e-05
3.4673685045253166e+01 3.2553900729397574e-05
3.4914031547858627e+01 3.2187394030192259e-05
3.5156044052829834e+01 3.1617123466051319e-05
3.5399734108343466e+01 3.0697509036692227e-05
3.5645113342624427e+01 2.9926183679647519e-05
3.5892193464500536e+01 2.9557548522441974e-05
3.6140986263961352e+01 2.9140131791364286e-05
3.6391503612720705e+01 2.8337372694119090e-05
3.6643757464783334e+01 2.7550591334270472e-05
3.6897759857015046e+01 2.7172444649643518e-05
3.7153522909717282e+01 2.6843690086421797e-05
3.7411058827205331e+01 2.6135141485436465e-05
3.7670379898390891e+01 2.5376459921328306e-05
3.7931498497368210e+01 2.5015601347181133e-05
3.8194427084004680e+01 2.4734019415774456e-05
3.8459178204535355e+01 2.4078434974126436e-05
3.8725764492161730e+01 2.3374621658263390e-05
3.8994198667654359e+01 2.3065863224754871e-05
3.9264493539959972e+01 2.2798999222202353e-05
3.9536662006812790e+01 2.2156695625592843e-05
3.9810717055349734e+01 2.1535608341564406e-05
4.0086671762730298e+01 2.1304647595516771e-05
4.0364539296760483e+01 2.1011141392800496e-05
4.0644332916521279e+01 2.0361600517874279e-05
4.0926065973001094e+01 1.9866045324324900e-05
4.1209751909733043e+01 1.9708161456943903e-05
4.1495404263436285e+01 1.9332582536876888e-05
4.1783036664662177e+01 1.8700478850749221e-05
4.2072662838444415e+01 1.8378687118167512e-05
4.2364296604954134e+01 1.8230542267018300e-05
4.2657951880159253e+01 1.7733803002492436e-05
4.2953642676488727e+01 1.7210838047901650e-05
4.3251383103500885e+01 1.7061068164498604e-05
4.3551187368556882e+01 1.6800480704270255e-05
4.3853069777498561e+01 1.6236588168675360e-05
4.4157044735331255e+01 1.5939586686209259e-05
4.4463126746910881e+01 1.5829878469638629e-05
4.4771330417636278e+01 1.5377652614428669e-05
4.5081670454146007e+01 1.4939958947479020e-05
4.5394161665020320e+01 1.4848950702796256e-05
4.5708818961487516e+01 1.4557717546774441e-05
4.6025657358135632e+01 1.4061883976760782e-05
4.6344691973628791e+01 1.3908788619663295e-05
4.6665938031428865e+01 1.3748181857058732e-05
4.6989410860521559e+01 1.3270147303512690e-05
4.7315125896148075e+01 1.3038814507825152e-05
4.7643098680541563e+01 1.2955168303432579e-05
4.7973344863668920e+01 1.2531874445083108e-05
4.8305880203977281e+01 1.2242749964577666e-05
4.8640720569146190e+01 1.2194498339855210e-05
4.8977881936844611e+01 1.1828813750106069e-05
4.9317380395493593e+01 1.1511529759404117e-05
4.9659232145033627e+01 1.1477726684676807e-05
5.0003453497697883e+01 1.1154025313302585e-05
5.0350060878790472e+01 1.0834642522159438e-05
5.0699070827470443e+01 1.0809169173471599e-05
5.1050499997540648e+01 1.0505423402378381e-05
5.1404365158242641e+01 1.0205412462099182e-05
5.1760683195056764e+01 1.0187250504711329e-05
5.2119471110508051e+01 9.8819455733827473e-06
5.2480746024977286e+01 9.6220719582991355e-06
5.2844525177518022e+01 9.6056485073373816e-06
5.3210825926679419e+01 9.2834365649830071e-06
5.3579665751334169e+01 9.0863940796661001e-06
5.3951062251512788e+01 9.0532929548213169e-06
5.4325033149243303e+01 8.7137321746324559e-06
5.4701596289397159e+01 8.5995357220408865e-06
5.5080769640540353e+01 8.5154412169721891e-06
5.5462571295791101e+01 8.1849487900370640e-06
5.5847019473683062e+01 8.1539986672926725e-06
5.6234132519034908e+01 7.9805773434802846e-06
5.6623928903825345e+01 7.7170218456624445e-06
5.7016427228074782e+01 7.7248917716208026e-06
5.7411646220732742e+01 7.4561274523663686e-06
5.7809604740571807e+01 7.3224297344599627e-06
5.8210321777087159e+01 7.2745895013759646e-06
5.8613816451402904e+01 6.9819439278687956e-06
5.9020108017184420e+01 6.9752812574010744e-06
5.9429215861557267e+01 6.7893473578484959e-06
5.9841159506031985e+01 6.6074749762182445e-06
6.0255958607435808e+01 6.6016554287736514e-06
6.0673632958850526e+01 6.3285785422933692e-06
6.1094202490557208e+01 6.3144990679230283e-06
6.1517687270986833e+01 6.1549879030765440e-06
6.1944107507678183e+01 5.9895244322431710e-06
6.2373483548241914e+01 5.9817685464338148e-06
6.2805835881331802e+01 5.7292984370929675e-06
6.3241185137621969e+01 5.7408394887983297e-06
6.3679552090791617e+01 5.5513697986764065e-06
6.4120957658516147e+01 5.4591226651127091e-06
6.4565422903465560e+01 5.3997342130761132e-06
6.5012969034309094e+01 5.1994567319600828e-06
6.5463617406727536e+01 5.2207817444165394e-06
6.5917389524432124e+01 4.9944080065902376e-06
6.6374307040190899e+01 5.0042325994844491e-06
6.6834391756861493e+01 4.8340221379839778e-06
6.7297665628431815e+01 4.7721670057513448e-06
6.7764150761067498e+01 4.6902822060614224e-06
6.8233869414166975e+01 4.5509197845454609e-06
6.8706844001423249e+01 4.5415013571879373e-06
6.9183097091893629e+01 4.3543403911026964e-06
6.9662651411076865e+01 4.3805587726227640e-06
7.0145529841997146e+01 4.1827868524325054e-06
7.0631755426296223e+01 4.2109672494823862e-06
7.1121351365332885e+01 4.0295726964690669e-06
7.1614341021290201e+01 4.0399027455521750e-06
7.2110747918289974e+01 3.8871261004588045e-06
7.2610595743515503e+01 3.8735325588106258e-06
7.3113908348341724e+01 3.7500106997322876e-06
7.3620709749473605e+01 3.7154710307327508e-06
7.4131024130091774e+01 3.6153299267385651e-06
7.4644875841006694e+01 3.5671348806657273e-06
7.5162289401820530e+01 3.4819507274107131e-06
7.5683289502097438e+01 3.4286722038362713e-06
7.6207901002541220e+01 3.3496054780311359e-06
7.6736148936181934e+01 3.2997133620425578e-06
7.7268058509570210e+01 3.2183477653010509e-06
7.7803655103980404e+01 3.1796812977173222e-06
7.8342964276621203e+01 3.0884785323574380e-06
7.8886011761855485e+01 3.0676362481563359e-06
7.9432823472428140e+01 2.9609088470461331e-06
7.9983425500702850e+01 2.9617400430258824e-06
8.0537844119906680e+01 2.8378046532083070e-06
8.1096105785384125e+01 2.8586039638194312e-06
8.1658237135859224e+01 2.7230865904845004e-06
8.2224264994707127e+01 2.7531618980646051e-06
8.2794216371233446e+01 2.6219037248495306e-06
8.3368118461963476e+01 2.6401494439542320e-06
8.3945998651939732e+01 2.5379516567526918e-06
8.4527884516029005e+01 2.5180617728108133e-06
8.5113803820237678e+01 2.4684992750089991e-06
8.5703784523037015e+01 2.3943740880964126e-06
8.6297854776697022e+01 2.4002981626600030e-06
8.6896042928630195e+01 2.2865751323042520e-06
8.7498377522743638e+01 2.3137230477744776e-06
8.8104887300801465e+01 2.2112748234415720e-06
8.8715601203796083e+01 2.2003839575571659e-06
8.9330548373329535e+01 2.1626355539816904e-06
8.9949758153003557e+01 2.0825347267102197e-06
9.0573260089820067e+01 2.1039259021831616e-06
9.1201083935590972e+01 2.0016800096771669e-06
9.1833259648358109e+01 2.0031425742035158e-06
9.2469817393822296e+01 1.9640069842186163e-06
9.3110787546783001e+01 1.8886193391952936e-06
9.3756200692588024e+01 1.9112939879595978e-06
9.4406087628592360e+01 1.8255816284513875e-06
9.5060479365628197e+01 1.8040529739438933e-06
9.5719407129484409e+01 1.7998648819574953e-06
9.6382902362397047e+01 1.7113773519252697e-06
9.7050996724548980e+01 1.7210465955344042e-06
9.7723722095581110e+01 1.6874819354618144e-06
9.8401110576113354e+01 1.6150085658035101e-06
9.9083194489276750e+01 1.6334105852845794e-06
9.9770006382255360e+01 1.5854908103267720e-06
1.0046157902783946e+02 1.5260428242962430e-06
1.0115794542598982e+02 1.5444420356518625e-06
1.0185913880541169e+02 1.4960950374732094e-06
1.0256519262514080e+02 1.4398210486472156e-06
1.0327614057613980e+02 1.4561268763331605e-06
1.0399201658290600e+02 1.4184321362800968e-06
1.0471285480509006e+02 1.3573860199088229e-06
1.0543868963912581e+02 1.3667118746286630e-06
1.0616955571987242e+02 1.3496437446281715e-06
1.0690548792226576e+02 1.2847890262216198e-06
1.0764652136298349e+02 1.2744689484904002e-06
1.0839269140212039e+02 1.2807569722245350e-06
1.0914403364487572e+02 1.2292342498653122e-06
1.0990058394325220e+02 1.1877294722498871e-06
1.1066237839776676e+02 1.1973591373800553e-06
1.1142945335917292e+02 1.1832166283750771e-06
1.1220184543019630e+02 1.1285579788132898e-06
1.1297959146727976e+02 1.1040438663036095e-06
1.1376272858234310e+02 1.1139433649824701e-06
1.1455129414455361e+02 1.0950771240209005e-06
1.1534532578210930e+02 1.0455290074342872e-06
1.1614486138403439e+02 1.0208189271879153e-06
1.1694993910198724e+02 1.0277193507889496e-06
1.1776059735208067e+02 1.0189036698366853e-06
1.1857687481671597e+02 9.7838888673004112e-07
1.1939881044642731e+02 9.4253370471716591e-07
1.2022644346174131e+02 9.3715393742474381e-07
1.2105981335504829e+02 9.4148605857674351e-07
1.2189895989248673e+02 9.2430770324170189e-07
1.2274392311584084e+02 8.8706015521209349e-07
1.2359474334445120e+02 8.5655413517911671e-07
1.2445146117713844e+02 8.4837085482842887e-07
1.2531411749414156e+02 8.5115191803233915e-07
1.2618275345906706e+02 8.4387173956348418e-07
1.2705741052085419e+02 8.1907192950158872e-07
1.2793813041575252e+02 7.8723413972846445e-07
1.2882495516931348e+02 7.6357592309749899e-07
1.2971792709839573e+02 7.5420756163945907e-07
1.3061708881318404e+02 7.5341311535702523e-07
1.3152248321922377e+02 7.5065240277858082e-07
1.3243415351946643e+02 7.3892571054024271e-07
1.3335214321633239e+02 7.1826249090973504e-07
1.3427649611378641e+02 6.9379655060000438e-07
1.3520725631942778e+02 6.7156124481557645e-07
1.3614446824659510e+02 6.5523770694735847e-07
1.3708817661648550e+02 6.4520478644646776e-07
1.3803842646028838e+02 6.3944146167726289e-07
1.3899526312133526e+02 6.3510483281816249e-07
1.3995873225726177e+02 6.2981736518974976e-07
1.4092887984218748e+02 6.2226852937393279e-07
1.4190575216890926e+02 6.1220625215455118e-07
1.4288939585111038e+02 6.0009722632090021e-07
1.4387985782558465e+02 5.8672238744232911e-07
1.4487718535447632e+02 5.7286519434667513e-07
1.4588142602753473e+02 5.5914075948025478e-07
1.4689262776438662e+02 5.4594547881613715e-07
1.4791083881682073e+02 5.3348164408345802e-07
1.4893610777109154e+02 5.2181416368054116e-07
1.4996848355023741e+02 5.1093039301912842e-07
1.5100801541641493e+02 5.0078830741869206e-07
1.5205475297324969e+02 4.9134814474739329e-07
1.5310874616820320e+02 4.8258759119106250e-07
1.5417004529495583e+02 4.7450186181639412e-07
1.5523870099580816e+02 4.6708943926440691e-07
1.5631476426409540e+02 4.6032357624283925e-07
1.5739828644662197e+02 4.5411069021814798e-07
1.5848931924611142e+02 4.4824116179787642e-07
1.5958791472367338e+02 4.4234692260753146e-07
1.6069412530128787e+02 4.3589281456272704e-07
1.6180800376430679e+02 4.2824007830166993e-07
1.6292960326397215e+02 4.1881916282588234e-07
1.6405897731995387e+02 4.0741836654866991e-07
1.6519617982290148e+02 3.9452042802484430e-07
1.6634126503701697e+02 3.8150965457739430e-07
1.6749428760264382e+02 3.7048555555012476e-07
1.6865530253887422e+02 3.6347202144422763e-07
1.6982436524617461e+02 3.6112650584999760e-07
1.7100153150902861e+02 3.6161195064151856e-07
1.7218685749860060e+02 3.6074961954234804e-07
1.7338039977541374e+02 3.5425916742428827e-07
1.7458221529205039e+02 3.4133717091973528e-07
1.7579236139586931e+02 3.2670549747471455e-07
1.7701089583174220e+02 3.1787920802293789e-07
1.7823787674480909e+02 3.1804966281010375e-07
1.7947336268325284e+02 3.2108376120748924e-07
1.8071741260109258e+02 3.1643959792741263e-07
1.8197008586099827e+02 3.0196127589112959e-07
1.8323144223712112e+02 2.8902079786240946e-07
1.8450154191794738e+02 2.8846793054206890e-07
1.8578044550916991e+02 2.9306417835898682e-07
1.8706821403658017e+02 2.8618363738177538e-07
1.8836490894898020e+02 2.7008886320328172e-07
1.8967059212111482e+02 2.6489900266359433e-07
1.9098532585662369e+02 2.7101467577185846e-07
1.9230917289101575e+02 2.6533450399310329e-07
1.9364219639466069e+02 2.4923989653176169e-07
1.9498445997580455e+02 2.4844695875892226e-07
1.9633602768360475e+02 2.5349473020460312e-07
1.9769696401118620e+02 2.4000764604729988e-07
1.9906733389871883e+02 2.3125721754028389e-07
2.0044720273651635e+02 2.3867466314059130e-07
2.0183663636815598e+02 2.2882684213986494e-07
2.0323570109362208e+02 2.1805304699045075e-07
2.0464446367246740e+02 2.2582968661085523e-07
2.0606299132700005e+02 2.1478624854442013e-07
2.0749135174549107e+02 2.0762524571494882e-07
2.0892961308540407e+02 2.1428486715854901e-07
2.1037784397664774e+02 1.9895549569502727e-07
2.1183611352485045e+02 2.0168102227405642e-07
2.1330449131465753e+02 1.9872170460121862e-07
2.1478304741305331e+02 1.8792483526762739e-07
2.1627185237270200e+02 1.9515444904639831e-07
2.1777097723531591e+02 1.7998872954385840e-07
2.1928049353504497e+02 1.8689753700179396e-07
2.2080047330189015e+02 1.7549026131032813e-07
2.2233098906514053e+02 1.7760570082122224e-07
2.2387211385683423e+02 1.7112909693214433e-07
2.2542392121524281e+02 1.6950911029520656e-07
2.2698648518838212e+02 1.6569156326226467e-07
2.2855988033754301e+02 1.6308191844152918e-07
2.3014418174085088e+02 1.5906955705724843e-07
2.3173946499684797e+02 1.5824698706579509e-07
2.3334580622810046e+02 1.5143890610706633e-07
2.3496328208483095e+02 1.5457825991394615e-07
2.3659196974857565e+02 1.4368944412517967e-07
2.3823194693586890e+02 1.5040643955324278e-07
2.3988329190194898e+02 1.3834711384853606e-07
2.4154608344449403e+02 1.4269876997948323e-07
2.4322040090738159e+02 1.3773142094039950e-07
2.4490632418447467e+02 1.3176939727812534e-07
2.4660393372343412e+02 1.3703897103807658e-07
2.4831331052955730e+02 1.2666893605628255e-07
2.5003453616964296e+02 1.2712377218917588e-07
2.5176769277588545e+02 1.2906733178436612e-07
2.5351286304979072e+02 1.1910998231755578e-07
2.5527013026612471e+02 1.2017134251765023e-07
2.5703957827688646e+02 1.2241146264170817e-07
2.5882129151530933e+02 1.1378966152584561e-07
2.6061535499988975e+02 1.1115815406841248e-07
2.6242185433844446e+02 1.1524584508779340e-07
2.6424087573219447e+02 1.1174397936629156e-07
2.6607250597988087e+02 1.0426219003306847e-07
2.6791683248190316e+02 1.0361022670235544e-07
2.6977394324449205e+02 1.0667559625384606e-07
2.7164392688390836e+02 1.0493861594099025e-07
2.7352687263067139e+02 9.8765340619617055e-08
2.7542287033381689e+02 9.4401192429338020e-08
2.7733201046518440e+02 9.4473540160034900e-08
2.7925438412373364e+02 9.6269335229063462e-08
2.8119008303989392e+02 9.6276069458798791e-08
2.8313919957993789e+02 9.3540153082885921e-08
2.8510182675039096e+02 8.9370272456167099e-08
2.8707805820246921e+02 8.5481141624095323e-08
2.8906798823654776e+02 8.2781540668764135e-08
2.9107171180666080e+02 8.1274246767765271e-08
2.9308932452503245e+02 8.0503045430870765e-08
2.9512092266663842e+02 7.9978746416045044e-08
2.9716660317380251e+02 7.9376961693934655e-08
2.9922646366081892e+02 7.8551288236452727e-08
3.0130060241861219e+02 7.7468521970277962e-08
3.0338911841942718e+02 7.6139969618513198e-08
3.0549211132155153e+02 7.4578592811741370e-08
3.0760968147407112e+02 7.2787138750634126e-08
3.0974192992165780e+02 7.0775999059292658e-08
3.1188895840939352e+02 6.8608793310613446e-08
3.1405086938762167e+02 6.6464772394984010e-08
3.1622776601683796e+02 6.4679495830166723e-08
3.1841975217261256e+02 6.3683824433300300e-08
3.2062693245054675e+02 6.3751193110417228e-08
3.2284941217126379e+02 6.4579333903433882e-08
3.2508729738543474e+02 6.5035590429405334e-08
3.2734069487883795e+02 6.3672899625757522e-08
3.2960971217745760e+02 6.0231018784120744e-08
3.3189445755261033e+02 5.6829797994946941e-08
3.3419504002611427e+02 5.6385664554594887e-08
3.3651156937549081e+02 5.8394506576878336e-08
3.3884415613920277e+02 5.8149138475284584e-08
3.4119291162192883e+02 5.3951582529345178e-08
3.4355794789987499e+02 5.1760551986610830e-08
3.4593937782612170e+02 5.4246542632813711e-08
3.4833731503601166e+02 5.3421170580858005e-08
3.5075187395256796e+02 4.8812532631358260e-08
3.5318316979195697e+02 5.0220001898298398e-08
3.5563131856898548e+02 5.0859949725244804e-08
3.5809643710263623e+02 4.6062675258725028e-08
3.6057864302164273e+02 4.8288583791538015e-08
3.6307805477010174e+02 4.6887985129914090e-08
3.6559479161312464e+02 4.3988046435952318e-08
3.6812897364253132e+02 4.6722883495649852e-08
3.7068072178257597e+02 4.1857867264068752e-08
3.7325015779572061e+02 4.4876127166840101e-08
3.7583740428844430e+02 4.0670800709327992e-08
3.7844258471709355e+02 4.2963827720304134e-08
3.8106582339377337e+02 3.9218004288844332e-08
3.8370724549227924e+02 4.1595564118018229e-08
3.8636697705406897e+02 3.7420873131075646e-08
3.8904514499428046e+02 4.0350674776454890e-08
3.9174187710778307e+02 3.6211953097951408e-08
3.9445730207527851e+02 3.7867279579170527e-08
3.9719154946944053e+02 3.6840009047292897e-08
3.9994474976109780e+02 3.4191003166294348e-08
4.0271703432545951e+02 3.6650029917707629e-08
4.0550853544838435e+02 3.4221906491269140e-08
4.0831938633269192e+02 3.2321375713258578e-08
4.1114972110452214e+02 3.4374358300294801e-08
4.1399967481973039e+02 3.3422744641606936e-08
4.1686938347033549e+02 3.0524355730136928e-08
4.1975898399100777e+02 3.0491627074125054e-08
4.2266861426560331e+02 3.1924401999976817e-08
4.2559841313374352e+02 3.1541411940656670e-08
4.2854852039743918e+02 2.9481687342364859e-08
4.3151907682776499e+02 2.7726322690324166e-08
4.3451022417157145e+02 2.7220464460023455e-08
4.3752210515825209e+02 2.7548560386615258e-08
4.4055486350655343e+02 2.7966036588398695e-08
4.4360864393143277e+02 2.8071160094688683e-08
4.4668359215096348e+02 2.7836184397922200e-08
4.4977985489328842e+02 2.7397488224469366e-08
4.5289757990362045e+02 2.6893262131324990e-08
4.5603691595129595e+02 2.6400688323187210e-08
4.5919801283686854e+02 2.5926495715955415e-08
4.6238102139926036e+02 2.5409802352294251e-08
4.6558609352295912e+02 2.4732862884879560e-08
4.6881338214526551e+02 2.3772318836326055e-08
4.7206304126359095e+02 2.2534937676657504e-08
4.7533522594280583e+02 2.1345321107358594e-08
4.7863009232263801e+02 2.0841306351704729e-08
4.8194779762512712e+02 2.1400620202956127e-08
4.8528850016212095e+02 2.2215180013085228e-08
4.8865235934283362e+02 2.1605681683036985e-08
4.9203953568145113e+02 1.9650219423484866e-08
4.9545019080479057e+02 1.9194632255742672e-08
4.9888448746001268e+02 2.0571378876641239e-08
5.0234258952238764e+02 1.9629579935793658e-08
5.0582466200311376e+02 1.7856548126548453e-08
5.0933087105719522e+02 1.9356274520237898e-08
5.1286138399136485e+02 1.8270611069831580e-08
5.1641636927207105e+02 1.7243109620984400e-08
5.1999599653351618e+02 1.8546439166627015e-08
5.2360043658575057e+02 1.6228013119009051e-08
5.2722986142282321e+02 1.7924934974015394e-08
5.3088444423098895e+02 1.5660201562292671e-08
5.3456435939697133e+02 1.7282653165080222e-08
5.3826978251628816e+02 1.5044740631749161e-08
5.4200089040162379e+02 1.6576850421975703e-08
5.4575786109127102e+02 1.4922517032357018e-08
5.4954087385762477e+02 1.5009679305534720e-08
5.5335010921573712e+02 1.5638707597204657e-08
5.5718574893193045e+02 1.3776085113617872e-08
5.6104797603247005e+02 1.4255663771910515e-08
5.6493697481230220e+02 1.4924127095875007e-08
5.6885293084384136e+02 1.3601735701549103e-08
5.7279603098582925e+02 1.2689667330298505e-08
5.7676646339225090e+02 1.3177063962080583e-08
5.8076441752131234e+02 1.3750762342773113e-08
5.8479008414448117e+02 1.3554258207996568e-08
5.8884365535558959e+02 1.2837421198681346e-08
5.9292532457999937e+02 1.2096512131713851e-08
5.9703528658383664e+02 1.1554817764701647e-08
6.0117373748327793e+02 1.1198245824027856e-08
6.0534087475391357e+02 1.0946850218277914e-08
6.0953689724016931e+02 1.0753653378593653e-08
6.1376200516479457e+02 1.0631845924615144e-08
6.1801640013841643e+02 1.0643455282636671e-08
6.2230028516916013e+02 1.0839267652607069e-08
6.2661386467233501e+02 1.1123118828354315e-08
6.3095734448019300e+02 1.1130920678561820e-08
6.3533093185174357e+02 1.0468445267022562e-08
6.3973483548264824e+02 9.4886097628335437e-09
6.4416926551517747e+02 9.4188474366260281e-09
6.4863443354823880e+02 1.0221959709137561e-08
6.5313055264747300e+02 9.7309191112688240e-09
6.5765783735542129e+02 8.6804316808004424e-09
6.6221650370176155e+02 9.5937694080567663e-09
6.6680676921362192e+02 8.9720386305966283e-09
6.7142885292595224e+02 8.5098549075311915e-09
6.7608297539198190e+02 9.1271330917827273e-09
6.8076935869374176e+02 7.9784812324336144e-09
6.8548822645266205e+02 8.8396804701821332e-09
6.9023980384024264e+02 7.7834651286570109e-09
6.9502431758879766e+02 8.2179936878124805e-09
6.9984199600227305e+02 8.0637153712513135e-09
7.0469306896714670e+02 7.2259847262160814e-09
7.0957776796338874e+02 8.0570883335156071e-09
7.1449632607551348e+02 7.6075434743792215e-09
7.1944897800369984e+02 6.7833256965101885e-09
7.2443596007499059e+02 7.0679671556185675e-09
7.2945751025456946e+02 7.5153707124164613e-09
7.3451386815711442e+02 7.3611929515828953e-09
7.3960527505823745e+02 6.8625695701908717e-09
7.4473197390598887e+02 6.4160508635013196e-09
7.4989420933245583e+02 6.1352437710036609e-09
7.5509222766543417e+02 5.9673378520851436e-09
7.6032627694018220e+02 5.8530200576239526e-09
7.6559660691125691e+02 5.7873463275102921e-09
7.7090346906443085e+02 5.8195364247724617e-09
7.7624711662869117e+02 5.9977967448228659e-09
7.8162780458832924e+02 6.2260924800867372e-09
7.8704578969509851e+02 6.1533065931840788e-09
7.9250133048047178e+02 5.5486889752123119e-09
7.9799468726797681e+02 5.1022103433176314e-09
8.0352612218561774e+02 5.5968536217402728e-09
8.0909589917838298e+02 5.6290403861684276e-09
8.1470428402084042e+02 4.8140209853405052e-09
8.2035154432981767e+02 5.4400065175271406e-09
8.2603794957717832e+02 4.8974427647521099e-09
8.3176377110267083e+02 5.0169458118216116e-09
8.3752928212688266e+02 4.7813140662814514e-09
8.4333475776427565e+02 4.9504698360504838e-09
8.4918047503631431e+02 4.3564633484957902e-09
8.5506671288468408e+02 4.9744389782382294e-09
8.6099375218460159e+02 4.3680402841966617e-09
8.6696187575821614e+02 4.1435668950175676e-09
8.7297136838811127e+02 4.6053442100769527e-09
8.7902251683088423e+02 4.5666285138514127e-09
8.8511560983083564e+02 4.1270609962386227e-09
8.9125093813374588e+02 3.8021327696006154e-09
8.9742879450074906e+02 3.6877921442850137e-09
9.0364947372230233e+02 3.6567066086175139e-09
9.0991327263225264e+02 3.6084971778348886e-09
9.1622049012199921e+02 3.5159558345958669e-09
9.2257142715476289e+02 3.4152252991249878e-09
9.2896638677993633e+02 3.4093470295616640e-09
9.3540567414755208e+02 3.6011606950278482e-09
9.4188959652284177e+02 3.8349688343456351e-09
9.4841846330089788e+02 3.6219876254059657e-09
9.5499258602143686e+02 3.1186082769703543e-09
9.6161227838366585e+02 3.3911831282698959e-09
9.6827785626124864e+02 3.4827688942882741e-09
9.7498963771738670e+02 2.9436315098541788e-09
9.8174794301998440e+02 3.4591159235608309e-09
9.8855309465693904e+02 2.8212960390402884e-09
9.9540541735152749e+02 3.3255781591031258e-09
1.0023052380779004e+03 2.8050010938722531e-09
1.0092528860766854e+03 2.9134453526997780e-09
1.0162486928706949e+03 3.1426534388181162e-09
1.0232929922807537e+03 2.7074838862418132e-09
1.0303861204416160e+03 2.5306927396281685e-09
1.0375284158180127e+03 2.7021001000975275e-09
1.0447202192208003e+03 2.8502130586267534e-09
1.0519618738232234e+03 2.8714253323390620e-09
1.0592537251772897e+03 2.8308580730643656e-09
1.0665961212302591e+03 2.7777846087088744e-09
1.0739894123412439e+03 2.6971592200598950e-09
1.0814339512979375e+03 2.5248091688134081e-09
1.0889300933334332e+03 2.2546757598433192e-09
1.0964781961431852e+03 2.1340434541666912e-09
1.1040786199020736e+03 2.4031254902287396e-09
1.1117317272815919e+03 2.4261785223696897e-09
1.1194378834671525e+03 2.0007988545170443e-09
1.1271974561755117e+03 2.3572632466022080e-09
1.1350108156723143e+03 2.0086171145176707e-09
1.1428783347897713e+03 2.2490588797891927e-09
1.1508003889444356e+03 1.8706071832766740e-09
1.1587773561551262e+03 2.2253276091345578e-09
1.1668096170609629e+03 1.9517863398551108e-09
1.1748975549395302e+03 1.7610840122887370e-09
1.1830415557251658e+03 1.9524026505498787e-09
1.1912420080273762e+03 2.0687224761325449e-09
1.1994993031493782e+03 2.0269892705234483e-09
1.2078138351067798e+03 1.9506076869266051e-09
1.2161860006463678e+03 1.9109275163387756e-09
1.2246161992650489e+03 1.9118247081434450e-09
1.2331048332289097e+03 1.8960693068695909e-09
1.2416523075924119e+03 1.7490339185869952e-09
1.2502590302177214e+03 1.4999906677840048e-09
1.2589254117941687e+03 1.5507357240844594e-09
1.2676518658578448e+03 1.7649717728172514e-09
1.2764388088113435e+03 1.4165876564726011e-09
1.2852866599436154e+03 1.6401215251076083e-09
1.2941958414499863e+03 1.3930464907612892e-09
1.3031667784522999e+03 1.6279721583419541e-09
1.3121998990192042e+03 1.2974693822936626e-09
1.3212956341865765e+03 1.4288539477228083e-09
1.3304544179780901e+03 1.5554354101283424e-09
1.3396766874259345e+03 1.4166851362024544e-09
1.3489628825916532e+03 1.2668947887068321e-09
1.3583134465871542e+03 1.1943575944377864e-09
1.3677288255958495e+03 1.1672430859851504e-09
1.3772094688939474e+03 1.1769898134989635e-09
1.3867558288718897e+03 1.2532428820080028e-09
1.3963683610559390e+03 1.3581437484114499e-09
1.4060475241299130e+03 1.2671777316252740e-09
1.4157937799570809e+03 1.0420591925238026e-09
1.4256075936021880e+03 1.2445274800202684e-09
1.4354894333536561e+03 1.1033433150268348e-09
1.4454397707459279e+03 1.1535649517374941e-09
1.4554590805819669e+03 1.0116129985025782e-09
1.4655478409559128e+03 1.2074803452505712e-09
1.4757065332758962e+03 1.0137382647324721e-09
1.4859356422870060e+03 9.1323686004540809e-10
1.4962356560944329e+03 9.7958681532320914e-10
1.5066070661867418e+03 1.0349621138915580e-09
1.5170503674593369e+03 1.0355779259195097e-09
1.5275660582380733e+03 9.8695639585619133e-10
1.5381546403030356e+03 8.8832999998501601e-10
1.5488166189124827e+03 8.1085883176217428e-10
1.5595525028269556e+03 9.2004938847718450e-10
1.5703628043335516e+03 9.9170050683853575e-10
1.5812480392703826e+03 7.6583108337393177e-10
1.5922087270511699e+03 9.6615837941410706e-10
1.6032453906900419e+03 7.3641612624719825e-10
1.6143585568264868e+03 9.1758213417205657e-10
1.6255487557504850e+03 8.3753855730127691e-10
1.6368165214278101e+03 6.9868282886821913e-10
1.6481623915255102e+03 7.0975274924921862e-10
1.6595869074375596e+03 7.4575744583757384e-10
1.6710906143107070e+03 7.4106065490243813e-10
1.6826740610704674e+03 6.9149762957266829e-10
1.6943378004473288e+03 6.3197110248667582e-10
1.7060823890031243e+03 6.7878734484368112e-10
1.7179083871575895e+03 7.9658096864332715e-10
1.7298163592151031e+03 6.3240585687972941e-10
1.7418068733916164e+03 7.0661032097097302e-10
1.7538805018417602e+03 6.1858896619488646e-10
1.7660378206861640e+03 7.3582422887742293e-10
1.7782794100389228e+03 5.7945476221851692e-10
1.7906058540352947e+03 5.5606253985517048e-10
1.8030177408595698e+03 6.1351432738407703e-10
1.8155156627731369e+03 6.3646326832526013e-10
1.8281002161427446e+03 6.1618997763623352e-10
1.8407720014689544e+03 5.5338723048536844e-10
1.8535316234148106e+03 4.9035265188126574e-10
1.8663796908346694e+03 5.6727065507259520e-10
1.8793168168032685e+03 6.1081787169710960e-10
1.8923436186449760e+03 4.6718156138717409e-10
1.9054607179632483e+03 5.9873312510168606e-10
1.9186687406702911e+03 4.9482090561602782e-10
1.9319683170169262e+03 4.5252735392175781e-10
1.9453600816226615e+03 5.3306023134155337e-10
1.9588446735059890e+03 5.6134590406064727e-10
1.9724227361148535e+03 5.5532329894170328e-10
1.9860949173573717e+03 5.3728920836683001e-10
1.9998618696327449e+03 4.7623303430493770e-10
2.0137242498623896e+03 3.9001893583769912e-10
2.0276827195212838e+03 4.6805243900826138e-10
2.0417379446695318e+03 4.5524131756745947e-10
2.0558905959841404e+03 4.2487386378651850e-10
2.0701413487910413e+03 3.8995567573401002e-10
2.0844908830972886e+03 4.7950552640068515e-10
2.0989398836235246e+03 4.4353433380489177e-10
2.1134890398366479e+03 3.9524662500888983e-10
2.1281390459827135e+03 3.8396537713204990e-10
2.1428906011200606e+03 4.0961140810749370e-10
2.1577444091526690e+03 4.4037550560605137e-10
2.1727011788637433e+03 3.6306070202580368e-10
2.1877616239495519e+03 3.3419025822217295e-10
2.2029264630534562e+03 3.9640372056277670e-10
2.2181964198002192e+03 3.4261764679571539e-10
2.2335722228305326e+03 2.9981383579024286e-10
2.2490546058357827e+03 3.6072835042795988e-10
2.2646443075930620e+03 3.8234481582232474e-10
2.2803420720004210e+03 3.7696015939821442e-10
2.2961486481123607e+03 3.4993184451847609e-10
2.3120647901755942e+03 2.8222758985882243e-10
2.3280912576650080e+03 2.8287264706813726e-10
2.3442288153199229e+03 3.4982479908027092e-10
2.3604782331805782e+03 2.5593649655706421e-10
2.3768402866248784e+03 3.0371675144338598e-10
2.3933157564053899e+03 3.3404624190354995e-10
2.4099054286865930e+03 2.9432371327479963e-10
2.4266100950824143e+03 2.7462128632532177e-10
2.4434305526939711e+03 2.8769137009334130e-10
2.4603676041476274e+03 3.1293581564751722e-10
2.4774220576332864e+03 2.5805852940654987e-10
2.4945947269429562e+03 2.3357312529399458e-10
2.5118864315095821e+03 2.7272805197874889e-10
2.5292979964461474e+03 2.6181445417040608e-10
2.5468302525850390e+03 2.0151625921824712e-10
2.5644840365177160e+03 2.0388367192957288e-10
2.5822601906345958e+03 2.0420755322324461e-10
2.6001595631652722e+03 1.8922040435204969e-10
2.6181830082189863e+03 2.0847716711779157e-10
2.6363313858253814e+03 2.6200484071060287e-10
2.6546055619755416e+03 1.7882490499980273e-10
2.6730064086633142e+03 2.5206284263334095e-10
2.6915348039269138e+03 2.0388601604569057e-10
2.7101916318908416e+03 1.6883108697659938e-10
2.7289777828080405e+03 1.6446656593484639e-10
2.7478941531023975e+03 1.6253542041209374e-10
2.7669416454115126e+03 1.9105666652337748e-10
2.7861211686297720e+03 2.2548618543330955e-10
2.8054336379517163e+03 1.5182329811673437e-10
2.8248799749157106e+03 2.1666987090935393e-10
2.8444611074479139e+03 1.8289173048298316e-10
2.8641779699065796e+03 1.4821458365721507e-10
2.8840315031266059e+03 1.4173439136618230e-10
2.9040226544644511e+03 1.4917805085647035e-10
2.9241523778433366e+03 1.8863849821070912e-10
2.9444216337987632e+03 1.7159229071385526e-10
2.9648313895243455e+03 1.5274225882088926e-10
2.9853826189179631e+03 1.4334907885893013e-10
3.0060763026282293e+03 1.8181527123931404e-10
3.0269134281013048e+03 1.8344287880657646e-10
3.0478949896279833e+03 1.7989393294979707e-10
3.0690219883911582e+03 1.5645401266603908e-10
3.0902954325135920e+03 1.1521895995522359e-10
3.1117163371060201e+03 1.7040204573261917e-10
3.1332857243155886e+03 1.1315321301710398e-10
3.1550046233746307e+03 1.2671632503485560e-10
3.1768740706497692e+03 1.4422904424452681e-10
3.1988951096913970e+03 1.3688972032955031e-10
3.2210687912834346e+03 1.0796179169339589e-10
3.2433961734934933e+03 1.2109726064000370e-10
3.2658783217233599e+03 1.3517554352347806e-10
3.2885163087598330e+03 1.3057026386827370e-10
3.3113112148259142e+03 9.7275119046813090e-11
3.3342641276323470e+03 9.3114516362726814e-11
3.3573761424295453e+03 9.2870954494754657e-11
3.3806483620598156e+03 1.1832236948781459e-10
3.4040818970100090e+03 1.2457822682493892e-10
3.4276778654645045e+03 1.0072605229561421e-10
3.4514373933585643e+03 9.0767141941101734e-11
3.4753616144320613e+03 1.0888970995462196e-10
3.4994516702835767e+03 1.0628509490250846e-10
3.5237087104248690e+03 8.4416150728344257e-11
3.5481338923357530e+03 9.5961851907378668e-11
3.5727283815192886e+03 1.0406323374174578e-10
3.5974933515574235e+03 1.0912634034207079e-10
3.6224299841669877e+03 8.4276602421734774e-11
3.6475394692560803e+03 8.0300626443913270e-11
3.6728230049808499e+03 9.6647782234822394e-11
3.6982817978026665e+03 1.0584881147463817e-10
3.7239170625456827e+03 7.0719955204006581e-11
3.7497300224548339e+03 8.9763141798996727e-11
3.7757219092541600e+03 1.0310581031515627e-10
3.8018939632056126e+03 1.0155215435438479e-10
3.8282474331682283e+03 8.7853437329529808e-11
3.8547835766577209e+03 6.3237069540964153e-11
3.8815036599064865e+03 9.7350566947436927e-11
3.9084089579240249e+03 7.9510510172864142e-11
3.9355007545577723e+03 6.4942555624430921e-11
3.9627803425543934e+03 6.8637220932788008e-11
3.9902490236214207e+03 8.7417098873941209e-11
4.0179081084894001e+03 6.3965579222278269e-11
4.0457589169744288e+03 8.4819100436528110e-11
4.0738027780411303e+03 6.3001166049799468e-11
4.1020410298660727e+03 5.8563427889774452e-11
4.1304750199016189e+03 7.2573081716909129e-11
4.1591061049402188e+03 7.4218917185831274e-11
4.1879356511791821e+03 5.7292065087578613e-11
4.2169650342858222e+03 4.9448400430621207e-11
4.2461956394631297e+03 5.4991702711277683e-11
4.2756288615158646e+03 4.6641120695747850e-11
4.3052661049171102e+03 5.6967310054654669e-11
4.3351087838752928e+03 6.0868298680647227e-11
4.3651583224016567e+03 7.0090228067158073e-11
4.3954161543782429e+03 6.1731766408076722e-11
4.4258837236262643e+03 6.7052471251037298e-11
4.4565624839750326e+03 5.8089072633616547e-11
4.4874538993313226e+03 4.8945553791001770e-11
4.5185594437492264e+03 4.0588070251530421e-11
4.5498806015004893e+03 4.5620419448731429e-11
4.5814188671453394e+03 3.7926603549870860e-11
4.6131757456037903e+03 4.9910658334402255e-11
4.6451527522274919e+03 4.4747472142857137e-11
4.6773514128719808e+03 5.9839913147732162e-11
4.7097732639695296e+03 5.9225101210848604e-11
4.7424198526024484e+03 5.1203748394208528e-11
4.7752927365769119e+03 3.3650986848863881e-11
4.8083934844972900e+03 4.9374667606431232e-11
4.8417236758409990e+03 5.5203557266703249e-11
4.8752849010338605e+03 5.3573263932015098e-11
4.9090787615260288e+03 3.5251142861172224e-11
4.9431068698683539e+03 4.5730579892246211e-11
4.9773708497893604e+03 2.8142330915044006e-11
5.0118723362727251e+03 2.7293451951470812e-11
5.0466129756352866e+03 3.1789633790292450e-11
5.0815944256056100e+03 4.7935667940448481e-11
5.1168183554030838e+03 3.3051680906418310e-11
5.1522864458175618e+03 2.6102879390514526e-11
5.1880003892896093e+03 3.0214188489740914e-11
5.2239618899911975e+03 4.4355422440712695e-11
5.2601726639070630e+03 2.5248016996849598e-11
5.2966344389165806e+03 2.4443863838395210e-11
5.3333489548762136e+03 6.2024742569175722e-11
5.3703179637025323e+03 3.3207852837815902e-11
5.4075432294558150e+03 2.6806905686755177e-11
5.4450265284242087e+03 3.7355581157774028e-11
5.4827696492085361e+03 3.4799037210066729e-11
5.5207743928075733e+03 2.0547931988346510e-11
5.5590425727040374e+03 3.7607120539916681e-11
5.5975760149511043e+03 3.0332082758091392e-11
5.6363765582595488e+03 3.2305723969967989e-11
5.6754460540854770e+03 3.1901710364855887e-11
5.7147863667186775e+03 2.4726779589019391e-11
5.7543993733715661e+03 1.7819867394593383e-11
5.7942869642688092e+03 1.9885681343343052e-11
5.8344510427374480e+03 3.2838445869869201e-11
5.8748935252977690e+03 1.8043207496067121e-11
5.9156163417547432e+03 1.5795911731511363e-11
5.9566214352901097e+03 1.8768954180932690e-11
5.9979107625551005e+03 2.9285218021412121e-11
6.0394862937637936e+03 2.3756585040323530e-11
6.0813500127871766e+03 2.2158105828209805e-11
6.1235039172477336e+03 2.8409713209262068e-11
6.1659500186148225e+03 1.3729818425063664e-11
6.2086903423006379e+03 1.5495081727546471e-11
6.2517269277568621e+03 1.2834651666879738e-11
6.2950618285719811e+03 2.2852993940508990e-11
6.3386971125692762e+03 1.1807234335214544e-11
6.3826348619054825e+03 1.3826532454624386e-11
6.4268771731701936e+03 1.8753610302189179e-11
6.4714261574858310e+03 1.7144272785105055e-11
6.5162839406084277e+03 2.2066516786725183e-11
6.5614526630290566e+03 1.7156522807726246e-11
6.6069344800759645e+03 7.4503549821147107e-11
6.6527315620174195e+03 7.4998296003312495e-11
6.6988460941652720e+03 7.6353273176709466e-11
6.7452802769792152e+03 1.4808752419157919e-11
6.7920363261718430e+03 8.5734795716597143e-12
6.8391164728142930e+03 9.0220737982420682e-12
6.8865229634427624e+03 9.0663743651568164e-12
6.9342580601656946e+03 1.7291238455285621e-11
6.9823240407717185e+03 2.0206094145115589e-11
7.0307231988383410e+03 1.2687163497188233e-11
7.0794578438413882e+03 1.9825831782089235e-11
7.1285303012651912e+03 1.5177575445809504e-11
7.1779429127136154e+03 2.0027120671298021e-11
7.2276980360217021e+03 9.7603971377190226e-12
7.2777980453682421e+03 1.3379943750191169e-11
7.3282453313890446e+03 9.2217538249264522e-12
7.3790423012910151e+03 1.9092171982788965e-11
7.4301913789670216e+03 1.5673154780131947e-11
7.4816950051115527e+03 1.8578817609143497e-11
7.5335556373371701e+03 8.3844767704029159e-12
7.5857757502918357e+03 9.4823703375033470e-12
7.6383578357769075e+03 8.8761266918869909e-12
7.6913044028660979e+03 1.5354673195611077e-11
7.7446179780251914e+03 1.6776025920207501e-11
7.7983011052325937e+03 1.0068562680604962e-11
7.8523563461007261e+03 1.6427815686975968e-11
7.9067862799982449e+03 1.5947034677457323e-11
7.9615935041731836e+03 1.1450915921514973e-11
8.0167806338767896e+03 1.5919026323054514e-11
8.0723503024883821e+03 1.5829617867013534e-11
8.1283051616409948e+03 7.3494361027520848e-12
8.1846478813479034e+03 1.1156537174210604e-11
8.2413811501300297e+03 7.7329963301861177e-12
8.2985076751442339e+03 1.4196422737931273e-11
8.3560301823124737e+03 1.3471523501442904e-11
8.4139514164519478e+03 1.0195184137624623e-11
8.4722741414059637e+03 1.3041277588888538e-11
8.5310011401758948e+03 1.3110944977611159e-11
8.5901352150539606e+03 5.4594281879370224e-12
8.6496791877569376e+03 7.1932520745599923e-12
8.7096358995608134e+03 5.7737075664873925e-12
8.7700082114363577e+03 8.9440249615160866e-12
8.8307990041856228e+03 7.6340999156850249e-12
8.8920111785794816e+03 7.2203222204324724e-12
8.9536476554959372e+03 4.6989021706346635e-12
9.0157113760595712e+03 9.8013485554270714e-12
9.0782053017818616e+03 4.2144630203359255e-12
9.1411324147025080e+03 5.2252891531917690e-12
9.2044957175317213e+03 9.2797364400705164e-12
9.2682982337935046e+03 1.0092340620378326e-11
9.3325430079699054e+03 4.2674254082878864e-12
9.3972331056463754e+03 8.0141518704285912e-12
9.4623716136579296e+03 4.3586906863825273e-12
9.5279616402365209e+03 9.7500626754257041e-12
9.5940063151593367e+03 9.0690102336979581e-12
9.6605087898981401e+03 1.4187387387773657e-11
9.7274722377696598e+03 1.2732230568651127e-11
9.7948998540870016e+03 8.9906965666942812e-12
9.8627948563120990e+03 1.6269265087480448e-11
9.9311604842093348e+03 1.8946864266081164e-11
1.0000000000000000e+04 1.5778663193295559e-11
