# do i = 1, 2001
#    lnk = -2d0+6d0/2000*(i-1)
#    k_ptilde(i) = 10d0**(lnk)
# end do

 7.0342736665372288E-002 
 7.0342670885337605E-002
 7.0342604190349864E-002
 7.0342536567685313E-002
 7.0342468004442063E-002
 7.0342398487539648E-002
 7.0342328003716259E-002
 7.0342256539523987E-002
 7.0342184081329501E-002
 7.0342110615309122E-002
 7.0342036127447702E-002
 7.0341960603535356E-002
 7.0341884029162818E-002
 7.0341806389722664E-002
 7.0341727670404031E-002
 7.0341647856188821E-002
 7.0341566931851229E-002
 7.0341484881953728E-002
 7.0341401690845060E-002
 7.0341317342653975E-002
 7.0341231821290970E-002
 7.0341145110441303E-002
 7.0341057193564274E-002
 7.0340968053890243E-002
 7.0340877674413924E-002
 7.0340786037895647E-002
 7.0340693126855924E-002
 7.0340598923571418E-002
 7.0340503410072655E-002
 7.0340406568141570E-002
 7.0340308379305924E-002
 7.0340208824836339E-002
 7.0340107885743755E-002
 7.0340005542774725E-002
 7.0339901776409225E-002
 7.0339796566854573E-002
 7.0339689894044252E-002
 7.0339581737631843E-002
 7.0339472076988721E-002
 7.0339360891199854E-002
 7.0339248159058676E-002
 7.0339133859064665E-002
 7.0339017969417633E-002
 7.0338900468016233E-002
 7.0338781332449557E-002
 7.0338660539996795E-002
 7.0338538067621539E-002
 7.0338413891966753E-002
 7.0338287989350698E-002
 7.0338160335763039E-002
 7.0338030906858418E-002
 7.0337899677956464E-002
 7.0337766624029865E-002
 7.0337631719706764E-002
 7.0337494939261225E-002
 7.0337356256608891E-002
 7.0337215645305401E-002
 7.0337073078537385E-002
 7.0336928529119713E-002
 7.0336781969489587E-002
 7.0336633371700374E-002
 7.0336482707417686E-002
 7.0336329947913695E-002
 7.0336175064060966E-002
 7.0336018026328301E-002
 7.0335858804773693E-002
 7.0335697369039385E-002
 7.0335533688345733E-002
 7.0335367731485118E-002
 7.0335199466818099E-002
 7.0335028862263657E-002
 7.0334855885296005E-002
 7.0334680502939187E-002
 7.0334502681755937E-002
 7.0334322387847675E-002
 7.0334139586843314E-002
 7.0333954243894284E-002
 7.0333766323669805E-002
 7.0333575790346173E-002
 7.0333382607604425E-002
 7.0333186738619033E-002
 7.0332988146053890E-002
 7.0332786792056290E-002
 7.0332582638245253E-002
 7.0332375645707060E-002
 7.0332165774990310E-002
 7.0331952986092849E-002
 7.0331737238457953E-002
 7.0331518490967193E-002
 7.0331296701929266E-002
 7.0331071829076053E-002
 7.0330843829551071E-002
 7.0330612659903244E-002
 7.0330378276077743E-002
 7.0330140633410476E-002
 7.0329899686614600E-002
 7.0329655389776854E-002
 7.0329407696343674E-002
 7.0329156559119671E-002
 7.0328901930250598E-002
 7.0328643761219709E-002
 7.0328382002836948E-002
 7.0328116605229071E-002
 7.0327847517831193E-002
 7.0327574689375741E-002
 7.0327298067885513E-002
 7.0327017600660388E-002
 7.0326733234269412E-002
 7.0326444914541028E-002
 7.0326152586550797E-002
 7.0325856194613234E-002
 7.0325555682269753E-002
 7.0325250992279126E-002
 7.0324942066604945E-002
 7.0324628846406487E-002
 7.0324311272026804E-002
 7.0323989282982266E-002
 7.0323662817947649E-002
 7.0323331814749382E-002
 7.0322996210351887E-002
 7.0322655940843373E-002
 7.0322310941427255E-002
 7.0321961146407611E-002
 7.0321606489179345E-002
 7.0321246902209963E-002
 7.0320882317034913E-002
 7.0320512664237181E-002
 7.0320137873439159E-002
 7.0319757873285732E-002
 7.0319372591435544E-002
 7.0318981954540352E-002
 7.0318585888238971E-002
 7.0318184317137475E-002
 7.0317777164797257E-002
 7.0317364353720616E-002
 7.0316945805334666E-002
 7.0316521439979754E-002
 7.0316091176890277E-002
 7.0315654934182736E-002
 7.0315212628838275E-002
 7.0314764176688249E-002
 7.0314309492397753E-002
 7.0313848489450007E-002
 7.0313381080129286E-002
 7.0312907175504424E-002
 7.0312426685414028E-002
 7.0311939518445166E-002
 7.0311445581922205E-002
 7.0310944781883142E-002
 7.0310437023067898E-002
 7.0309922208893705E-002
 7.0309400241442582E-002
 7.0308871021441705E-002
 7.0308334448240625E-002
 7.0307790419800273E-002
 7.0307238832664792E-002
 7.0306679581948806E-002
 7.0306112561314513E-002
 7.0305537662952000E-002
 7.0304954777560130E-002
 7.0304363794326016E-002
 7.0303764600901361E-002
 7.0303157083384596E-002
 7.0302541126300161E-002
 7.0301916612572526E-002
 7.0301283423507555E-002
 7.0300641438769726E-002
 7.0299990536359075E-002
 7.0299330592588541E-002
 7.0298661482061639E-002
 7.0297983077646925E-002
 7.0297295250455041E-002
 7.0296597869816069E-002
 7.0295890803253325E-002
 7.0295173916458911E-002
 7.0294447073269845E-002
 7.0293710135638149E-002
 7.0292962963613856E-002
 7.0292205415307729E-002
 7.0291437346874347E-002
 7.0290658612478407E-002
 7.0289869064272231E-002
 7.0289068552366510E-002
 7.0288256924799425E-002
 7.0287434027513071E-002
 7.0286599704321148E-002
 7.0285753796883343E-002
 7.0284896144671580E-002
 7.0284026584941359E-002
 7.0283144952705184E-002
 7.0282251080695635E-002
 7.0281344799340340E-002
 7.0280425936724150E-002
 7.0279494318564839E-002
 7.0278549768171134E-002
 7.0277592106418763E-002
 7.0276621151711974E-002
 7.0275636719951226E-002
 7.0274638624499036E-002
 7.0273626676146034E-002
 7.0272600683073116E-002
 7.0271560450819892E-002
 7.0270505782244794E-002
 7.0269436477492189E-002
 7.0268352333950096E-002
 7.0267253146219788E-002
 7.0266138706070000E-002
 7.0265008802405618E-002
 7.0263863221223508E-002
 7.0262701745575279E-002
 7.0261524155525223E-002
 7.0260330228112303E-002
 7.0259119737308209E-002
 7.0257892453973028E-002
 7.0256648145816961E-002
 7.0255386577355083E-002
 7.0254107509863509E-002
 7.0252810701336960E-002
 7.0251495906443404E-002
 7.0250162876479935E-002
 7.0248811359323801E-002
 7.0247441099391003E-002
 7.0246051837584256E-002
 7.0244643311248675E-002
 7.0243215254124025E-002
 7.0241767396291899E-002
 7.0240299464130462E-002
 7.0238811180263261E-002
 7.0237302263505191E-002
 7.0235772428816623E-002
 7.0234221387246096E-002
 7.0232648845881929E-002
 7.0231054507792226E-002
 7.0229438071979108E-002
 7.0227799233317317E-002
 7.0226137682501313E-002
 7.0224453105988419E-002
 7.0222745185941793E-002
 7.0221013600170329E-002
 7.0219258022074321E-002
 7.0217478120584459E-002
 7.0215673560097391E-002
 7.0213844000423367E-002
 7.0211989096715499E-002
 7.0210108499412963E-002
 7.0208201854176422E-002
 7.0206268801823832E-002
 7.0204308978264227E-002
 7.0202322014432272E-002
 7.0200307536225456E-002
 7.0198265164428952E-002
 7.0196194514654670E-002
 7.0194095197268033E-002
 7.0191966817320275E-002
 7.0189808974473106E-002
 7.0187621262931793E-002
 7.0185403271368837E-002
 7.0183154582852320E-002
 7.0180874774770627E-002
 7.0178563418756140E-002
 7.0176220080608129E-002
 7.0173844320215534E-002
 7.0171435691481612E-002
 7.0168993742239102E-002
 7.0166518014172619E-002
 7.0164008042736481E-002
 7.0161463357073378E-002
 7.0158883479927672E-002
 7.0156267927563382E-002
 7.0153616209677624E-002
 7.0150927829313550E-002
 7.0148202282771674E-002
 7.0145439059523557E-002
 7.0142637642118588E-002
 7.0139797506094170E-002
 7.0136918119883249E-002
 7.0133998944721498E-002
 7.0131039434550874E-002
 7.0128039035924516E-002
 7.0124997187911528E-002
 7.0121913321996604E-002
 7.0118786861981558E-002
 7.0115617223883084E-002
 7.0112403815834015E-002
 7.0109146037978715E-002
 7.0105843282365993E-002
 7.0102494932849591E-002
 7.0099100364975908E-002
 7.0095658945877520E-002
 7.0092170034164791E-002
 7.0088632979813215E-002
 7.0085047124053737E-002
 7.0081411799257809E-002
 7.0077726328821269E-002
 7.0073990027050961E-002
 7.0070202199045403E-002
 7.0066362140577931E-002
 7.0062469137972247E-002
 7.0058522467984913E-002
 7.0054521397680342E-002
 7.0050465184306063E-002
 7.0046353075168669E-002
 7.0042184307502295E-002
 7.0037958108343998E-002
 7.0033673694399487E-002
 7.0029330271914991E-002
 7.0024927036540216E-002
 7.0020463173195907E-002
 7.0015937855935337E-002
 7.0011350247808718E-002
 7.0006699500719582E-002
 7.0001984755288196E-002
 6.9997205140704954E-002
 6.9992359774588592E-002
 6.9987447762838828E-002
 6.9982468199487696E-002
 6.9977420166553908E-002
 6.9972302733886466E-002
 6.9967114959017654E-002
 6.9961855887005361E-002
 6.9956524550277330E-002
 6.9951119968476083E-002
 6.9945641148296170E-002
 6.9940087083325789E-002
 6.9934456753882060E-002
 6.9928749126848766E-002
 6.9922963155509305E-002
 6.9917097779376144E-002
 6.9911151924024695E-002
 6.9905124500921720E-002
 6.9899014407249382E-002
 6.9892820525732924E-002
 6.9886541724461584E-002
 6.9880176856710829E-002
 6.9873724760764477E-002
 6.9867184259727474E-002
 6.9860554161348842E-002
 6.9853833257825848E-002
 6.9847020325626841E-002
 6.9840114125294755E-002
 6.9833113401258584E-002
 6.9826016881640723E-002
 6.9818823278059286E-002
 6.9811531285433381E-002
 6.9804139581783789E-002
 6.9796646828033646E-002
 6.9789051667801749E-002
 6.9781352727204898E-002
 6.9773548614645062E-002
 6.9765637920605778E-002
 6.9757619217441072E-002
 6.9749491059164337E-002
 6.9741251981231989E-002
 6.9732900500331305E-002
 6.9724435114162583E-002
 6.9715854301216976E-002
 6.9707156520562544E-002
 6.9698340211612295E-002
 6.9689403793907215E-002
 6.9680345666885024E-002
 6.9671164209657077E-002
 6.9661857780771302E-002
 6.9652424717987715E-002
 6.9642863338040872E-002
 6.9633171936404475E-002
 6.9623348787056491E-002
 6.9613392142239064E-002
 6.9603300232217280E-002
 6.9593071265039844E-002
 6.9582703426293024E-002
 6.9572194878855492E-002
 6.9561543762652250E-002
 6.9550748194404766E-002
 6.9539806267381779E-002
 6.9528716051148659E-002
 6.9517475591310926E-002
 6.9506082909261191E-002
 6.9494536001926607E-002
 6.9482832841502973E-002
 6.9470971375204832E-002
 6.9458949525000188E-002
 6.9446765187346743E-002
 6.9434416232936808E-002
 6.9421900506424480E-002
 6.9409215826167103E-002
 6.9396359983955117E-002
 6.9383330744744759E-002
 6.9370125846392156E-002
 6.9356742999380966E-002
 6.9343179886553877E-002
 6.9329434162841777E-002
 6.9315503454987409E-002
 6.9301385361280041E-002
 6.9287077451276199E-002
 6.9272577265527172E-002
 6.9257882315306066E-002
 6.9242990082332104E-002
 6.9227898018492356E-002
 6.9212603545572335E-002
 6.9197104054974617E-002
 6.9181396907447623E-002
 6.9165479432804225E-002
 6.9149348929651439E-002
 6.9133002665112658E-002
 6.9116437874550699E-002
 6.9099651761296108E-002
 6.9082641496370251E-002
 6.9065404218214110E-002
 6.9047937032410578E-002
 6.9030237011420303E-002
 6.9012301194300768E-002
 6.8994126586443744E-002
 6.8975710159303066E-002
 6.8957048850127697E-002
 6.8938139561697323E-002
 6.8918979162055527E-002
 6.8899564484249276E-002
 6.8879892326070044E-002
 6.8859959449789426E-002
 6.8839762581911504E-002
 6.8819298412912747E-002
 6.8798563596996945E-002
 6.8777554751841191E-002
 6.8756268458357320E-002
 6.8734701260444842E-002
 6.8712849664757381E-002
 6.8690710140464878E-002
 6.8668279119027120E-002
 6.8645552993961828E-002
 6.8622528120627690E-002
 6.8599200816004235E-002
 6.8575567358479528E-002
 6.8551623987642946E-002
 6.8527366904082121E-002
 6.8502792269188026E-002
 6.8477896204960712E-002
 6.8452674793828383E-002
 6.8427124078466767E-002
 6.8401240061626956E-002
 6.8375018705972651E-002
 6.8348455933921248E-002
 6.8321547627495746E-002
 6.8294289628179711E-002
 6.8266677736787643E-002
 6.8238707713337857E-002
 6.8210375276936838E-002
 6.8181676105672454E-002
 6.8152605836519123E-002
 6.8123160065246380E-002
 6.8093334346348261E-002
 6.8063124192972668E-002
 6.8032525076871797E-002
 6.8001532428355410E-002
 6.7970141636262305E-002
 6.7938348047943048E-002
 6.7906146969254580E-002
 6.7873533664566402E-002
 6.7840503356788137E-002
 6.7807051227400925E-002
 6.7773172416511651E-002
 6.7738862022921439E-002
 6.7704115104203905E-002
 6.7668926676810445E-002
 6.7633291716181945E-002
 6.7597205156883555E-002
 6.7560661892757751E-002
 6.7523656777093488E-002
 6.7486184622814929E-002
 6.7448240202691828E-002
 6.7409818249569542E-002
 6.7370913456617304E-002
 6.7331520477602796E-002
 6.7291633927182792E-002
 6.7251248381224746E-002
 6.7210358377143828E-002
 6.7168958414268287E-002
 6.7127042954230068E-002
 6.7084606421380255E-002
 6.7041643203226434E-002
 6.6998147650906351E-002
 6.6954114079678134E-002
 6.6909536769450023E-002
 6.6864409965328858E-002
 6.6818727878207584E-002
 6.6772484685375708E-002
 6.6725674531166429E-002
 6.6678291527632022E-002
 6.6630329755258663E-002
 6.6581783263705854E-002
 6.6532646072588991E-002
 6.6482912172292172E-002
 6.6432575524817655E-002
 6.6381630064677122E-002
 6.6330069699816044E-002
 6.6277888312576250E-002
 6.6225079760703562E-002
 6.6171637878390380E-002
 6.6117556477363421E-002
 6.6062829348013691E-002
 6.6007450260565717E-002
 6.5951412966295184E-002
 6.5894711198790437E-002
 6.5837338675261509E-002
 6.5779289097888674E-002
 6.5720556155230411E-002
 6.5661133523670243E-002
 6.5601014868918575E-002
 6.5540193847561407E-002
 6.5478664108664111E-002
 6.5416419295425035E-002
 6.5353453046883489E-002
 6.5289758999678038E-002
 6.5225330789867697E-002
 6.5160162054800130E-002
 6.5094246435046646E-002
 6.5027577576379114E-002
 6.4960149131824477E-002
 6.4891954763763818E-002
 6.4822988146098978E-002
 6.4753242966476013E-002
 6.4682712928573666E-002
 6.4611391754451505E-002
 6.4539273186964466E-002
 6.4466350992236243E-002
 6.4392618962202969E-002
 6.4318070917217252E-002
 6.4242700708722067E-002
 6.4166502221988539E-002
 6.4089469378922334E-002
 6.4011596140933380E-002
 6.3932876511882925E-002
 6.3853304541086217E-002
 6.3772874326397014E-002
 6.3691580017350966E-002
 6.3609415818385875E-002
 6.3526375992125017E-002
 6.3442454862736794E-002
 6.3357646819360902E-002
 6.3271946319602132E-002
 6.3185347893100957E-002
 6.3097846145168682E-002
 6.3009435760491270E-002
 6.2920111506910750E-002
 6.2829868239263606E-002
 6.2738700903299777E-002
 6.2646604539659603E-002
 6.2553574287927863E-002
 6.2459605390747054E-002
 6.2364693197999435E-002
 6.2268833171054472E-002
 6.2172020887082104E-002
 6.2074252043422665E-002
 6.1975522462026665E-002
 6.1875828093943971E-002
 6.1775165023886545E-002
 6.1673529474829847E-002
 6.1570917812684076E-002
 6.1467326551010282E-002
 6.1362752355791562E-002
 6.1257192050243991E-002
 6.1150642619688500E-002
 6.1043101216449534E-002
 6.0934565164805526E-002
 6.0825031965970056E-002
 6.0714499303111596E-002
 6.0602965046397179E-002
 6.0490427258072639E-002
 6.0376884197554118E-002
 6.0262334326546735E-002
 6.0146776314178647E-002
 6.0030209042134922E-002
 5.9912631609811022E-002
 5.9794043339449911E-002
 5.9674443781290519E-002
 5.9553832718694369E-002
 5.9432210173259829E-002
 5.9309576409914043E-002
 5.9185931941973552E-002
 5.9061277536173212E-002
 5.8935614217650978E-002
 5.8808943274882848E-002
 5.8681266264560945E-002
 5.8552585016409558E-002
 5.8422901637924990E-002
 5.8292218519037889E-002
 5.8160538336684081E-002
 5.8027864059277894E-002
 5.7894198951077995E-002
 5.7759546576433438E-002
 5.7623910803910973E-002
 5.7487295810270712E-002
 5.7349706084314445E-002
 5.7211146430554582E-002
 5.7071621972728158E-002
 5.6931138157128199E-002
 5.6789700755734557E-002
 5.6647315869153281E-002
 5.6503989929327349E-002
 5.6359729702028454E-002
 5.6214542289100861E-002
 5.6068435130453252E-002
 5.5921416005781724E-002
 5.5773493036013505E-002
 5.5624674684451890E-002
 5.5474969757614991E-002
 5.5324387405750707E-002
 5.5172937123011932E-002
 5.5020628747284271E-002
 5.4867472459640930E-002
 5.4713478783421948E-002
 5.4558658582911992E-002
 5.4403023061609414E-002
 5.4246583760071909E-002
 5.4089352553313055E-002
 5.3931341647748689E-002
 5.3772563577671635E-002
 5.3613031201239315E-002
 5.3452757695956012E-002
 5.3291756553648803E-002
 5.3130041574907895E-002
 5.2967626862982578E-002
 5.2804526817120681E-002
 5.2640756125340075E-002
 5.2476329756612684E-002
 5.2311262952448957E-002
 5.2145571217881985E-002
 5.1979270311822375E-002
 5.1812376236788020E-002
 5.1644905227993379E-002
 5.1476873741777091E-002
 5.1308298443390458E-002
 5.1139196194098895E-002
 5.0969584037623063E-002
 5.0799479185898028E-002
 5.0628899004147992E-002
 5.0457860995276951E-002
 5.0286382783569644E-002
 5.0114482097707275E-002
 4.9942176753094536E-002
 4.9769484633504495E-002
 4.9596423672040015E-002
 4.9423011831427749E-002
 4.9249267083644008E-002
 4.9075207388890200E-002
 4.8900850673916786E-002
 4.8726214809731876E-002
 4.8551317588691342E-002
 4.8376176701000632E-002
 4.8200809710646129E-002
 4.8025234030781218E-002
 4.7849466898596482E-002
 4.7673525349698362E-002
 4.7497426192036389E-002
 4.7321185979406606E-002
 4.7144820984580116E-002
 4.6968347172086936E-002
 4.6791780170710361E-002
 4.6615135245735337E-002
 4.6438427271004341E-002
 4.6261670700835159E-002
 4.6084879541858415E-002
 4.5908067324844100E-002
 4.5731247076570530E-002
 4.5554431291817160E-002
 4.5377631905548665E-002
 4.5200860265365204E-002
 4.5024127104304791E-002
 4.4847442514077469E-002
 4.4670815918817351E-002
 4.4494256049447858E-002
 4.4317770918751200E-002
 4.4141367797237735E-002
 4.3965053189918946E-002
 4.3788832814086534E-002
 4.3612711578201457E-002
 4.3436693562004206E-002
 4.3260781997957042E-002
 4.3084979254129956E-002
 4.2909286818646739E-002
 4.2733705285807257E-002
 4.2558234344006046E-002
 4.2382872765559992E-002
 4.2207618398575543E-002
 4.2032468160957993E-002
 4.1857418036703058E-002
 4.1682463074566675E-002
 4.1507597389247940E-002
 4.1332814165188032E-002
 4.1158105663104405E-002
 4.0983463229361181E-002
 4.0808877308290983E-002
 4.0634337457560024E-002
 4.0459832366674386E-002
 4.0285349878717472E-002
 4.0110877015399921E-002
 3.9936400005494345E-002
 3.9761904316725209E-002
 3.9587374691163878E-002
 3.9412795184182774E-002
 3.9238149206993853E-002
 3.9063419572803376E-002
 3.8888588546585230E-002
 3.8713637898470411E-002
 3.8538548960735670E-002
 3.8363302688349497E-002
 3.8187879723027555E-002
 3.8012260460725415E-002
 3.7836425122477785E-002
 3.7660353828475442E-002
 3.7484026675248881E-002
 3.7307423815814346E-002
 3.7130525542594391E-002
 3.6953312372933020E-002
 3.6775765136973802E-002
 3.6597865067664062E-002
 3.6419593892614711E-002
 3.6240933927520827E-002
 3.6061868170834455E-002
 3.5882380399333676E-002
 3.5702455264231922E-002
 3.5522078387431995E-002
 3.5341236457506885E-002
 3.5159917324968828E-002
 3.4978110096364867E-002
 3.4795805226714237E-002
 3.4612994609780214E-002
 3.4429671665654547E-002
 3.4245831425110826E-002
 3.4061470610168995E-002
 3.3876587710301879E-002
 3.3691183053699843E-002
 3.3505258873001362E-002
 3.3318819364900554E-002
 3.3131870743026155E-002
 3.2944421283499142E-002
 3.2756481362584307E-002
 3.2568063485844213E-002
 3.2379182308241543E-002
 3.2189854644629104E-002
 3.2000099470118316E-002
 3.1809937909817364E-002
 3.1619393217490119E-002
 3.1428490742709404E-002
 3.1237257886129820E-002
 3.1045724042564910E-002
 3.0853920531590886E-002
 3.0661880515491149E-002
 3.0469638904396374E-002
 3.0277232248576525E-002
 3.0084698617901341E-002
 2.9892077468592387E-002
 2.9699409497468604E-002
 2.9506736483991561E-002
 2.9314101120523732E-002
 2.9121546831311254E-002
 2.8929117580823196E-002
 2.8736857672189833E-002
 2.8544811536600663E-002
 2.8353023514640648E-002
 2.8161537630666641E-002
 2.7970397361442599E-002
 2.7779645400369146E-002
 2.7589323418765216E-002
 2.7399471825765964E-002
 2.7210129528507796E-002
 2.7021333694378289E-002
 2.6833119517197392E-002
 2.6645519989270419E-002
 2.6458565681349071E-002
 2.6272284532563254E-002
 2.6086701652459580E-002
 2.5901839137293860E-002
 2.5717715902731662E-002
 2.5534347535121339E-002
 2.5351746163448489E-002
 2.5169920354043543E-002
 2.4988875030025653E-002
 2.4808611417373491E-002
 2.4629127019375547E-002
 2.4450415621051318E-002
 2.4272467324969044E-002
 2.4095268619643614E-002
 2.3918802481482211E-002
 2.3743048510961130E-002
 2.3567983103418382E-002
 2.3393579654536496E-002
 2.3219808800219267E-002
 2.3046638690217062E-002
 2.2874035294444199E-002
 2.2701962740533418E-002
 2.2530383680742613E-002
 2.2359259685895892E-002
 2.2188551663600734E-002
 2.2018220297545431E-002
 2.1848226504239378E-002
 2.1678531903140820E-002
 2.1509099295708028E-002
 2.1339893148524552E-002
 2.1170880075304623E-002
 2.1002029312269951E-002
 2.0833313181126377E-002
 2.0664707533660572E-002
 2.0496192171551207E-002
 2.0327751236863825E-002
 2.0159373562845671E-002
 1.9991052984479597E-002
 1.9822788598675152E-002
 1.9654584970098903E-002
 1.9486452277067020E-002
 1.9318406392680211E-002
 1.9150468896955822E-002
 1.8982667016403321E-002
 1.8815033488277164E-002
 1.8647606347636795E-002
 1.8480428636323574E-002
 1.8313548034051278E-002
 1.8147016412954495E-002
 1.7980889318162479E-002
 1.7815225378244329E-002
 1.7650085650675943E-002
 1.7485532908808391E-002
 1.7321630878135381E-002
 1.7158443430955052E-002
 1.6996033749746394E-002
 1.6834463470754360E-002
 1.6673791820306125E-002
 1.6514074757302648E-002
 1.6355364136065045E-002
 1.6197706904255715E-002
 1.6041144350923828E-002
 1.5885711419778823E-002
 1.5731436102610172E-002
 1.5578338927248371E-002
 1.5426432553669689E-002
 1.5275721490700016E-002
 1.5126201944314386E-002
 1.4977861806736308E-002
 1.4830680793424245E-002
 1.4684630732619174E-002
 1.4539676009427469E-002
 1.4395774163465564E-002
 1.4252876635944066E-002
 1.4110929658760808E-002
 1.3969875274775903E-002
 1.3829652475009561E-002
 1.3690198435139802E-002
 1.3551449830421464E-002
 1.3413344205138218E-002
 1.3275821369989537E-002
 1.3138824798510737E-002
 1.3002302991830753E-002
 1.2866210779851384E-002
 1.2730510526401624E-002
 1.2595173206120752E-002
 1.2460179321845150E-002
 1.2325519633142427E-002
 1.2191195669402822E-002
 1.2057220004531584E-002
 1.1923616274824030E-002
 1.1790418926956306E-002
 1.1657672689131801E-002
 1.1525431765203941E-002
 1.1393758758892281E-002
 1.1262723342871936E-002
 1.1132400695365186E-002
 1.1002869734670514E-002
 1.0874211189606450E-002
 1.0746505550872455E-002
 1.0619830954566417E-002
 1.0494261054306552E-002
 1.0369862942302362E-002
 1.0246695182085987E-002
 1.0124806016223594E-002
 1.0004231810999704E-002
 9.8849957966763054E-003
 9.7671071563876378E-003
 9.6505605090504969E-003
 9.5353358218814264E-003
 9.4213987763973606E-003
 9.3087015983371081E-003
 9.1971843471129935E-003
 9.0867766445720984E-003
 8.9773998065099704E-003
 8.8689693240693833E-003
 8.7613976265059103E-003
 8.6545970424210424E-003
 8.5484828641519961E-003
 8.4429764101959012E-003
 8.3380079739714830E-003
 8.2335195444201530E-003
 8.1294671854052879E-003
 8.0258229668832854E-003
 7.9225763515873328E-003
 7.8197349564603554E-003
 7.7173246280825177E-003
 7.6153887954235047E-003
 7.5139870907427160E-003
 7.4131932594815441E-003
 7.3130924114267696E-003
 7.2137776970223142E-003
 7.1153465230212060E-003
 7.0178964492125422E-003
 6.9215209311743403E-003
 6.8263050914249860E-003
 6.7323217115819421E-003
 6.6396276400594000E-003
 6.5482608025654457E-003
 6.4582379857394600E-003
 6.3695535376284531E-003
 6.2821790928479348E-003
 6.1960643861650160E-003
 6.1111391674602451E-003
 6.0273161756305479E-003
 5.9444950715287796E-003
 5.8625671734394685E-003
 5.7814207860445868E-003
 5.7009468686566415E-003
 5.6210447538852740E-003
 5.5416276068448473E-003
 5.4626273099419899E-003
 5.3839984709783666E-003
 5.3057212836530032E-003
 5.2278030193580530E-003
 5.1502779961080302E-003
 5.0732059519508739E-003
 4.9966688425171213E-003
 4.9207661806103991E-003
 4.8456091341569189E-003
 4.7713136910194050E-003
 4.6979932784899535E-003
 4.6257512852225513E-003
 4.5546739681017034E-003
 4.4848242313766298E-003
 4.4162367372262952E-003
 4.3489147447113227E-003
 4.2828289791216889E-003
 4.2179187098905788E-003
 4.1540950689397558E-003
 4.0912464813229656E-003
 4.0292459171325321E-003
 3.9679595199542100E-003
 3.9072560354245483E-003
 3.8470163659713209E-003
 3.7871425254906005E-003
 3.7275652688764883E-003
 3.6682497308117052E-003
 3.6091985264988680E-003
 3.5504519396038089E-003
 3.4920850399807876E-003
 3.4342018212299942E-003
 3.3769267070839163E-003
 3.3203940242750329E-003
 3.2647362547823101E-003
 3.2100720396498555E-003
 3.1564949901859477E-003
 3.1040643555509599E-003
 3.0527984908645055E-003
 3.0026718679639713E-003
 2.9536160824137577E-003
 2.9055249555609611E-003
 2.8582634384572221E-003
 2.8116796312717719E-003
 2.7656188773047879E-003
 2.7199386153069888E-003
 2.6745225123676187E-003
 2.6292923825949753E-003
 2.5842165349594993E-003
 2.5393134906059123E-003
 2.4946504445819088E-003
 2.4503363846546970E-003
 2.4065103689770596E-003
 2.3633260419901408E-003
 2.3209339659138227E-003
 2.2794636974916441E-003
 2.2390076908902360E-003
 2.1996090210328130E-003
 2.1612545859499089E-003
 2.1238748807867434E-003
 2.0873506900283153E-003
 2.0515261969371334E-003
 2.0162271604099941E-003
 1.9812820705503590E-003
 1.9465436734120247E-003
 1.9119080426905483E-003
 1.8773285288928646E-003
 1.8428224471133171E-003
 1.8084692333366133E-003
 1.7743999138885194E-003
 1.7407789554964395E-003
 1.7077807260965411E-003
 1.6755637217775589E-003
 1.6442462428539609E-003
 1.6138872155327527E-003
 1.5844753058323368E-003
 1.5559283933888055E-003
 1.5281039864523467E-003
 1.5008194662565770E-003
 1.4738794046440823E-003
 1.4471058780104833E-003
 1.4203669528284066E-003
 1.3935985218431087E-003
 1.3668154935512998E-003
 1.3401099129831172E-003
 1.3136357110870504E-003
 1.2875821156028192E-003
 1.2621399066128766E-003
 1.2374662549381116E-003
 1.2136544987366696E-003
 1.1907146915967055E-003
 1.1685690894891944E-003
 1.1470641510962034E-003
 1.1259975284712888E-003
 1.1051554902246335E-003
 1.0843538623198944E-003
 1.0634744333412728E-003
 1.0424891973859871E-003
 1.0214668519407096E-003
 1.0005593446478283E-003
 9.7997036847833371E-004
 9.5991171304495449E-004
 9.4055639846604125E-004
 9.2199878322910727E-004
 9.0423090327102070E-004
 8.8714118052910982E-004
 8.7053686217560900E-004
 8.5418609146771345E-004
 8.3787060916755678E-004
 8.2143697738900159E-004
 8.0483382999581006E-004
 7.8812532803865622E-004
 7.7147633908436443E-004
 7.5511174425229601E-004
 7.3925906561454150E-004
 7.2408851148342127E-004
 7.0966608500203229E-004
 6.9593287240579617E-004
 6.8271734289698956E-004
 6.6977885031508841E-004
 6.5687173566645934E-004
 6.4381297114955737E-004
 6.3053422877548183E-004
 6.1710259639532767E-004
 6.0370240032225485E-004
 5.9058170168873670E-004
 5.7797790149055714E-004
 5.6604415402790710E-004
 5.5479936293699841E-004
 5.4411852299378729E-004
 5.3376836159854234E-004
 5.2347893508808679E-004
 5.1302952163644066E-004
 5.0232110220139819E-004
 4.9141053599726422E-004
 4.8049304824464116E-004
 4.6983664489725767E-004
 4.5968907440880333E-004
 4.5018892093126302E-004
 4.4131284444200804E-004
 4.3287978406410016E-004
 4.2461322049413571E-004
 4.1624099072696511E-004
 4.0759670751500549E-004
 3.9868405307137553E-004
 3.8967730284062931E-004
 3.8085493118511965E-004
 3.7248965266823341E-004
 3.6473726436253264E-004
 3.5756968912362445E-004
 3.5078199690138180E-004
 3.4407385073554784E-004
 3.3717413085044298E-004
 3.2995697373670808E-004
 3.2249812757331606E-004
 3.1504394310678439E-004
 3.0790292696721033E-004
 3.0130563606069270E-004
 2.9529602247035475E-004
 2.8970638525019989E-004
 2.8423157490203496E-004
 2.7857138141226286E-004
 2.7257503326128045E-004
 2.6631678527001292E-004
 2.6006178710143889E-004
 2.5413452958968909E-004
 2.4875283530754143E-004
 2.4391196496678649E-004
 2.3938200895478126E-004
 2.3482503453536315E-004
 2.2997413677566743E-004
 2.2477926552985460E-004
 2.1943756197043520E-004
 2.1428602833437378E-004
 2.0961143664683689E-004
 2.0548331808907235E-004
 2.0170854509600348E-004
 1.9793975259128622E-004
 1.9387943986194073E-004
 1.8946008201373651E-004
 1.8488842727098164E-004
 1.8052040511013778E-004
 1.7663816342988119E-004
 1.7326751881319928E-004
 1.7015584627570388E-004
 1.6693192628886995E-004
 1.6334940955254192E-004
 1.5945356413434909E-004
 1.5555420661934844E-004
 1.5201512576846585E-004
 1.4899949237462301E-004
 1.4634991619781601E-004
 1.4369511892342325E-004
 1.4071533322552654E-004
 1.3737759443519304E-004
 1.3396394624507727E-004
 1.3086238539453159E-004
 1.2827059529940435E-004
 1.2603865789919967E-004
 1.2378026008236530E-004
 1.2117522162403608E-004
 1.1822748474778269E-004
 1.1526599967979579E-004
 1.1267697912060288E-004
 1.1058056967725371E-004
 1.0872394409596804E-004
 1.0669169315545271E-004
 1.0426360592163830E-004
 1.0161061939172501E-004
 9.9147355745379543E-005
 9.7160391267781139E-005
 9.5543317664619479E-005
 9.3888561940701849E-005
 9.1864339080178540E-005
 8.9530018995002665E-005
 8.7283840349588186E-005
 8.5479062877455954E-005
 8.4074043715464308E-005
 8.2667314946657322E-005
 8.0897586941499765E-005
 7.8813389708762310E-005
 7.6827659120264500E-005
 7.5288517876217131E-005
 7.4107573288610107E-005
 7.2848230367207086E-005
 7.1195780921210223E-005
 6.9305349639152213E-005
 6.7634163025733467E-005
 6.6427891612101471E-005
 6.5435930575664093E-005
 6.4194485452523289E-005
 6.2566986186110663E-005
 6.0909652865859846E-005
 5.9648892401468296E-005
 5.8762707724181150E-005
 5.7801460623193848E-005
 5.6442286908208650E-005
 5.4897222143515991E-005
 5.3648190212549330E-005
 5.2826694420560272E-005
 5.2036969720405877E-005
 5.0873030913912176E-005
 4.9461762390688767E-005
 4.8296268181957916E-005
 4.7562739617701038E-005
 4.6877850264759179E-005
 4.5820437989438322E-005
 4.4529231718743111E-005
 4.3508581307798485E-005
 4.2897466943325422E-005
 4.2260370786516757E-005
 4.1229824756839607E-005
 4.0060529463470624E-005
 3.9246334243893512E-005
 3.8759779314001799E-005
 3.8089389159115496E-005
 3.7042396822890000E-005
 3.6055076540724313E-005
 3.5492689116240591E-005
 3.5051106414351222E-005
 3.4253377886978415E-005
 3.3245465386284466E-005
 3.2553900729397574E-005
 3.2187394030192259E-005
 3.1617123466051319E-005
 3.0697509036692227E-005
 2.9926183679647519E-005
 2.9557548522441974E-005
 2.9140131791364286E-005
 2.8337372694119090E-005
 2.7550591334270472E-005
 2.7172444649643518E-005
 2.6843690086421797E-005
 2.6135141485436465E-005
 2.5376459921328306E-005
 2.5015601347181133E-005
 2.4734019415774456E-005
 2.4078434974126436E-005
 2.3374621658263390E-005
 2.3065863224754871E-005
 2.2798999222202353E-005
 2.2156695625592843E-005
 2.1535608341564406E-005
 2.1304647595516771E-005
 2.1011141392800496E-005
 2.0361600517874279E-005
 1.9866045324324900E-005
 1.9708161456943903E-005
 1.9332582536876888E-005
 1.8700478850749221E-005
 1.8378687118167512E-005
 1.8230542267018300E-005
 1.7733803002492436E-005
 1.7210838047901650E-005
 1.7061068164498604E-005
 1.6800480704270255E-005
 1.6236588168675360E-005
 1.5939586686209259E-005
 1.5829878469638629E-005
 1.5377652614428669E-005
 1.4939958947479020E-005
 1.4848950702796256E-005
 1.4557717546774441E-005
 1.4061883976760782E-005
 1.3908788619663295E-005
 1.3748181857058732E-005
 1.3270147303512690E-005
 1.3038814507825152E-005
 1.2955168303432579E-005
 1.2531874445083108E-005
 1.2242749964577666E-005
 1.2194498339855210E-005
 1.1828813750106069E-005
 1.1511529759404117E-005
 1.1477726684676807E-005
 1.1154025313302585E-005
 1.0834642522159438E-005
 1.0809169173471599E-005
 1.0505423402378381E-005
 1.0205412462099182E-005
 1.0187250504711329E-005
 9.8819455733827473E-006
 9.6220719582991355E-006
 9.6056485073373816E-006
 9.2834365649830071E-006
 9.0863940796661001E-006
 9.0532929548213169E-006
 8.7137321746324559E-006
 8.5995357220408865E-006
 8.5154412169721891E-006
 8.1849487900370640E-006
 8.1539986672926725E-006
 7.9805773434802846E-006
 7.7170218456624445E-006
 7.7248917716208026E-006
 7.4561274523663686E-006
 7.3224297344599627E-006
 7.2745895013759646E-006
 6.9819439278687956E-006
 6.9752812574010744E-006
 6.7893473578484959E-006
 6.6074749762182445E-006
 6.6016554287736514E-006
 6.3285785422933692E-006
 6.3144990679230283E-006
 6.1549879030765440E-006
 5.9895244322431710E-006
 5.9817685464338148E-006
 5.7292984370929675E-006
 5.7408394887983297E-006
 5.5513697986764065E-006
 5.4591226651127091E-006
 5.3997342130761132E-006
 5.1994567319600828E-006
 5.2207817444165394E-006
 4.9944080065902376E-006
 5.0042325994844491E-006
 4.8340221379839778E-006
 4.7721670057513448E-006
 4.6902822060614224E-006
 4.5509197845454609E-006
 4.5415013571879373E-006
 4.3543403911026964E-006
 4.3805587726227640E-006
 4.1827868524325054E-006
 4.2109672494823862E-006
 4.0295726964690669E-006
 4.0399027455521750E-006
 3.8871261004588045E-006
 3.8735325588106258E-006
 3.7500106997322876E-006
 3.7154710307327508E-006
 3.6153299267385651E-006
 3.5671348806657273E-006
 3.4819507274107131E-006
 3.4286722038362713E-006
 3.3496054780311359E-006
 3.2997133620425578E-006
 3.2183477653010509E-006
 3.1796812977173222E-006
 3.0884785323574380E-006
 3.0676362481563359E-006
 2.9609088470461331E-006
 2.9617400430258824E-006
 2.8378046532083070E-006
 2.8586039638194312E-006
 2.7230865904845004E-006
 2.7531618980646051E-006
 2.6219037248495306E-006
 2.6401494439542320E-006
 2.5379516567526918E-006
 2.5180617728108133E-006
 2.4684992750089991E-006
 2.3943740880964126E-006
 2.4002981626600030E-006
 2.2865751323042520E-006
 2.3137230477744776E-006
 2.2112748234415720E-006
 2.2003839575571659E-006
 2.1626355539816904E-006
 2.0825347267102197E-006
 2.1039259021831616E-006
 2.0016800096771669E-006
 2.0031425742035158E-006
 1.9640069842186163E-006
 1.8886193391952936E-006
 1.9112939879595978E-006
 1.8255816284513875E-006
 1.8040529739438933E-006
 1.7998648819574953E-006
 1.7113773519252697E-006
 1.7210465955344042E-006
 1.6874819354618144E-006
 1.6150085658035101E-006
 1.6334105852845794E-006
 1.5854908103267720E-006
 1.5260428242962430E-006
 1.5444420356518625E-006
 1.4960950374732094E-006
 1.4398210486472156E-006
 1.4561268763331605E-006
 1.4184321362800968E-006
 1.3573860199088229E-006
 1.3667118746286630E-006
 1.3496437446281715E-006
 1.2847890262216198E-006
 1.2744689484904002E-006
 1.2807569722245350E-006
 1.2292342498653122E-006
 1.1877294722498871E-006
 1.1973591373800553E-006
 1.1832166283750771E-006
 1.1285579788132898E-006
 1.1040438663036095E-006
 1.1139433649824701E-006
 1.0950771240209005E-006
 1.0455290074342872E-006
 1.0208189271879153E-006
 1.0277193507889496E-006
 1.0189036698366853E-006
 9.7838888673004112E-007
 9.4253370471716591E-007
 9.3715393742474381E-007
 9.4148605857674351E-007
 9.2430770324170189E-007
 8.8706015521209349E-007
 8.5655413517911671E-007
 8.4837085482842887E-007
 8.5115191803233915E-007
 8.4387173956348418E-007
 8.1907192950158872E-007
 7.8723413972846445E-007
 7.6357592309749899E-007
 7.5420756163945907E-007
 7.5341311535702523E-007
 7.5065240277858082E-007
 7.3892571054024271E-007
 7.1826249090973504E-007
 6.9379655060000438E-007
 6.7156124481557645E-007
 6.5523770694735847E-007
 6.4520478644646776E-007
 6.3944146167726289E-007
 6.3510483281816249E-007
 6.2981736518974976E-007
 6.2226852937393279E-007
 6.1220625215455118E-007
 6.0009722632090021E-007
 5.8672238744232911E-007
 5.7286519434667513E-007
 5.5914075948025478E-007
 5.4594547881613715E-007
 5.3348164408345802E-007
 5.2181416368054116E-007
 5.1093039301912842E-007
 5.0078830741869206E-007
 4.9134814474739329E-007
 4.8258759119106250E-007
 4.7450186181639412E-007
 4.6708943926440691E-007
 4.6032357624283925E-007
 4.5411069021814798E-007
 4.4824116179787642E-007
 4.4234692260753146E-007
 4.3589281456272704E-007
 4.2824007830166993E-007
 4.1881916282588234E-007
 4.0741836654866991E-007
 3.9452042802484430E-007
 3.8150965457739430E-007
 3.7048555555012476E-007
 3.6347202144422763E-007
 3.6112650584999760E-007
 3.6161195064151856E-007
 3.6074961954234804E-007
 3.5425916742428827E-007
 3.4133717091973528E-007
 3.2670549747471455E-007
 3.1787920802293789E-007
 3.1804966281010375E-007
 3.2108376120748924E-007
 3.1643959792741263E-007
 3.0196127589112959E-007
 2.8902079786240946E-007
 2.8846793054206890E-007
 2.9306417835898682E-007
 2.8618363738177538E-007
 2.7008886320328172E-007
 2.6489900266359433E-007
 2.7101467577185846E-007
 2.6533450399310329E-007
 2.4923989653176169E-007
 2.4844695875892226E-007
 2.5349473020460312E-007
 2.4000764604729988E-007
 2.3125721754028389E-007
 2.3867466314059130E-007
 2.2882684213986494E-007
 2.1805304699045075E-007
 2.2582968661085523E-007
 2.1478624854442013E-007
 2.0762524571494882E-007
 2.1428486715854901E-007
 1.9895549569502727E-007
 2.0168102227405642E-007
 1.9872170460121862E-007
 1.8792483526762739E-007
 1.9515444904639831E-007
 1.7998872954385840E-007
 1.8689753700179396E-007
 1.7549026131032813E-007
 1.7760570082122224E-007
 1.7112909693214433E-007
 1.6950911029520656E-007
 1.6569156326226467E-007
 1.6308191844152918E-007
 1.5906955705724843E-007
 1.5824698706579509E-007
 1.5143890610706633E-007
 1.5457825991394615E-007
 1.4368944412517967E-007
 1.5040643955324278E-007
 1.3834711384853606E-007
 1.4269876997948323E-007
 1.3773142094039950E-007
 1.3176939727812534E-007
 1.3703897103807658E-007
 1.2666893605628255E-007
 1.2712377218917588E-007
 1.2906733178436612E-007
 1.1910998231755578E-007
 1.2017134251765023E-007
 1.2241146264170817E-007
 1.1378966152584561E-007
 1.1115815406841248E-007
 1.1524584508779340E-007
 1.1174397936629156E-007
 1.0426219003306847E-007
 1.0361022670235544E-007
 1.0667559625384606E-007
 1.0493861594099025E-007
 9.8765340619617055E-008
 9.4401192429338020E-008
 9.4473540160034900E-008
 9.6269335229063462E-008
 9.6276069458798791E-008
 9.3540153082885921E-008
 8.9370272456167099E-008
 8.5481141624095323E-008
 8.2781540668764135E-008
 8.1274246767765271E-008
 8.0503045430870765E-008
 7.9978746416045044E-008
 7.9376961693934655E-008
 7.8551288236452727E-008
 7.7468521970277962E-008
 7.6139969618513198E-008
 7.4578592811741370E-008
 7.2787138750634126E-008
 7.0775999059292658E-008
 6.8608793310613446E-008
 6.6464772394984010E-008
 6.4679495830166723E-008
 6.3683824433300300E-008
 6.3751193110417228E-008
 6.4579333903433882E-008
 6.5035590429405334E-008
 6.3672899625757522E-008
 6.0231018784120744E-008
 5.6829797994946941E-008
 5.6385664554594887E-008
 5.8394506576878336E-008
 5.8149138475284584E-008
 5.3951582529345178E-008
 5.1760551986610830E-008
 5.4246542632813711E-008
 5.3421170580858005E-008
 4.8812532631358260E-008
 5.0220001898298398E-008
 5.0859949725244804E-008
 4.6062675258725028E-008
 4.8288583791538015E-008
 4.6887985129914090E-008
 4.3988046435952318E-008
 4.6722883495649852E-008
 4.1857867264068752E-008
 4.4876127166840101E-008
 4.0670800709327992E-008
 4.2963827720304134E-008
 3.9218004288844332E-008
 4.1595564118018229E-008
 3.7420873131075646E-008
 4.0350674776454890E-008
 3.6211953097951408E-008
 3.7867279579170527E-008
 3.6840009047292897E-008
 3.4191003166294348E-008
 3.6650029917707629E-008
 3.4221906491269140E-008
 3.2321375713258578E-008
 3.4374358300294801E-008
 3.3422744641606936E-008
 3.0524355730136928E-008
 3.0491627074125054E-008
 3.1924401999976817E-008
 3.1541411940656670E-008
 2.9481687342364859E-008
 2.7726322690324166E-008
 2.7220464460023455E-008
 2.7548560386615258E-008
 2.7966036588398695E-008
 2.8071160094688683E-008
 2.7836184397922200E-008
 2.7397488224469366E-008
 2.6893262131324990E-008
 2.6400688323187210E-008
 2.5926495715955415E-008
 2.5409802352294251E-008
 2.4732862884879560E-008
 2.3772318836326055E-008
 2.2534937676657504E-008
 2.1345321107358594E-008
 2.0841306351704729E-008
 2.1400620202956127E-008
 2.2215180013085228E-008
 2.1605681683036985E-008
 1.9650219423484866E-008
 1.9194632255742672E-008
 2.0571378876641239E-008
 1.9629579935793658E-008
 1.7856548126548453E-008
 1.9356274520237898E-008
 1.8270611069831580E-008
 1.7243109620984400E-008
 1.8546439166627015E-008
 1.6228013119009051E-008
 1.7924934974015394E-008
 1.5660201562292671E-008
 1.7282653165080222E-008
 1.5044740631749161E-008
 1.6576850421975703E-008
 1.4922517032357018E-008
 1.5009679305534720E-008
 1.5638707597204657E-008
 1.3776085113617872E-008
 1.4255663771910515E-008
 1.4924127095875007E-008
 1.3601735701549103E-008
 1.2689667330298505E-008
 1.3177063962080583E-008
 1.3750762342773113E-008
 1.3554258207996568E-008
 1.2837421198681346E-008
 1.2096512131713851E-008
 1.1554817764701647E-008
 1.1198245824027856E-008
 1.0946850218277914E-008
 1.0753653378593653E-008
 1.0631845924615144E-008
 1.0643455282636671E-008
 1.0839267652607069E-008
 1.1123118828354315E-008
 1.1130920678561820E-008
 1.0468445267022562E-008
 9.4886097628335437E-009
 9.4188474366260281E-009
 1.0221959709137561E-008
 9.7309191112688240E-009
 8.6804316808004424E-009
 9.5937694080567663E-009
 8.9720386305966283E-009
 8.5098549075311915E-009
 9.1271330917827273E-009
 7.9784812324336144E-009
 8.8396804701821332E-009
 7.7834651286570109E-009
 8.2179936878124805E-009
 8.0637153712513135E-009
 7.2259847262160814E-009
 8.0570883335156071E-009
 7.6075434743792215E-009
 6.7833256965101885E-009
 7.0679671556185675E-009
 7.5153707124164613E-009
 7.3611929515828953E-009
 6.8625695701908717E-009
 6.4160508635013196E-009
 6.1352437710036609E-009
 5.9673378520851436E-009
 5.8530200576239526E-009
 5.7873463275102921E-009
 5.8195364247724617E-009
 5.9977967448228659E-009
 6.2260924800867372E-009
 6.1533065931840788E-009
 5.5486889752123119E-009
 5.1022103433176314E-009
 5.5968536217402728E-009
 5.6290403861684276E-009
 4.8140209853405052E-009
 5.4400065175271406E-009
 4.8974427647521099E-009
 5.0169458118216116E-009
 4.7813140662814514E-009
 4.9504698360504838E-009
 4.3564633484957902E-009
 4.9744389782382294E-009
 4.3680402841966617E-009
 4.1435668950175676E-009
 4.6053442100769527E-009
 4.5666285138514127E-009
 4.1270609962386227E-009
 3.8021327696006154E-009
 3.6877921442850137E-009
 3.6567066086175139E-009
 3.6084971778348886E-009
 3.5159558345958669E-009
 3.4152252991249878E-009
 3.4093470295616640E-009
 3.6011606950278482E-009
 3.8349688343456351E-009
 3.6219876254059657E-009
 3.1186082769703543E-009
 3.3911831282698959E-009
 3.4827688942882741E-009
 2.9436315098541788E-009
 3.4591159235608309E-009
 2.8212960390402884E-009
 3.3255781591031258E-009
 2.8050010938722531E-009
 2.9134453526997780E-009
 3.1426534388181162E-009
 2.7074838862418132E-009
 2.5306927396281685E-009
 2.7021001000975275E-009
 2.8502130586267534E-009
 2.8714253323390620E-009
 2.8308580730643656E-009
 2.7777846087088744E-009
 2.6971592200598950E-009
 2.5248091688134081E-009
 2.2546757598433192E-009
 2.1340434541666912E-009
 2.4031254902287396E-009
 2.4261785223696897E-009
 2.0007988545170443E-009
 2.3572632466022080E-009
 2.0086171145176707E-009
 2.2490588797891927E-009
 1.8706071832766740E-009
 2.2253276091345578E-009
 1.9517863398551108E-009
 1.7610840122887370E-009
 1.9524026505498787E-009
 2.0687224761325449E-009
 2.0269892705234483E-009
 1.9506076869266051E-009
 1.9109275163387756E-009
 1.9118247081434450E-009
 1.8960693068695909E-009
 1.7490339185869952E-009
 1.4999906677840048E-009
 1.5507357240844594E-009
 1.7649717728172514E-009
 1.4165876564726011E-009
 1.6401215251076083E-009
 1.3930464907612892E-009
 1.6279721583419541E-009
 1.2974693822936626E-009
 1.4288539477228083E-009
 1.5554354101283424E-009
 1.4166851362024544E-009
 1.2668947887068321E-009
 1.1943575944377864E-009
 1.1672430859851504E-009
 1.1769898134989635E-009
 1.2532428820080028E-009
 1.3581437484114499E-009
 1.2671777316252740E-009
 1.0420591925238026E-009
 1.2445274800202684E-009
 1.1033433150268348E-009
 1.1535649517374941E-009
 1.0116129985025782E-009
 1.2074803452505712E-009
 1.0137382647324721E-009
 9.1323686004540809E-010
 9.7958681532320914E-010
 1.0349621138915580E-009
 1.0355779259195097E-009
 9.8695639585619133E-010
 8.8832999998501601E-010
 8.1085883176217428E-010
 9.2004938847718450E-010
 9.9170050683853575E-010
 7.6583108337393177E-010
 9.6615837941410706E-010
 7.3641612624719825E-010
 9.1758213417205657E-010
 8.3753855730127691E-010
 6.9868282886821913E-010
 7.0975274924921862E-010
 7.4575744583757384E-010
 7.4106065490243813E-010
 6.9149762957266829E-010
 6.3197110248667582E-010
 6.7878734484368112E-010
 7.9658096864332715E-010
 6.3240585687972941E-010
 7.0661032097097302E-010
 6.1858896619488646E-010
 7.3582422887742293E-010
 5.7945476221851692E-010
 5.5606253985517048E-010
 6.1351432738407703E-010
 6.3646326832526013E-010
 6.1618997763623352E-010
 5.5338723048536844E-010
 4.9035265188126574E-010
 5.6727065507259520E-010
 6.1081787169710960E-010
 4.6718156138717409E-010
 5.9873312510168606E-010
 4.9482090561602782E-010
 4.5252735392175781E-010
 5.3306023134155337E-010
 5.6134590406064727E-010
 5.5532329894170328E-010
 5.3728920836683001E-010
 4.7623303430493770E-010
 3.9001893583769912E-010
 4.6805243900826138E-010
 4.5524131756745947E-010
 4.2487386378651850E-010
 3.8995567573401002E-010
 4.7950552640068515E-010
 4.4353433380489177E-010
 3.9524662500888983E-010
 3.8396537713204990E-010
 4.0961140810749370E-010
 4.4037550560605137E-010
 3.6306070202580368E-010
 3.3419025822217295E-010
 3.9640372056277670E-010
 3.4261764679571539E-010
 2.9981383579024286E-010
 3.6072835042795988E-010
 3.8234481582232474E-010
 3.7696015939821442E-010
 3.4993184451847609E-010
 2.8222758985882243E-010
 2.8287264706813726E-010
 3.4982479908027092E-010
 2.5593649655706421E-010
 3.0371675144338598E-010
 3.3404624190354995E-010
 2.9432371327479963E-010
 2.7462128632532177E-010
 2.8769137009334130E-010
 3.1293581564751722E-010
 2.5805852940654987E-010
 2.3357312529399458E-010
 2.7272805197874889E-010
 2.6181445417040608E-010
 2.0151625921824712E-010
 2.0388367192957288E-010
 2.0420755322324461E-010
 1.8922040435204969E-010
 2.0847716711779157E-010
 2.6200484071060287E-010
 1.7882490499980273E-010
 2.5206284263334095E-010
 2.0388601604569057E-010
 1.6883108697659938E-010
 1.6446656593484639E-010
 1.6253542041209374E-010
 1.9105666652337748E-010
 2.2548618543330955E-010
 1.5182329811673437E-010
 2.1666987090935393E-010
 1.8289173048298316E-010
 1.4821458365721507E-010
 1.4173439136618230E-010
 1.4917805085647035E-010
 1.8863849821070912E-010
 1.7159229071385526E-010
 1.5274225882088926E-010
 1.4334907885893013E-010
 1.8181527123931404E-010
 1.8344287880657646E-010
 1.7989393294979707E-010
 1.5645401266603908E-010
 1.1521895995522359E-010
 1.7040204573261917E-010
 1.1315321301710398E-010
 1.2671632503485560E-010
 1.4422904424452681E-010
 1.3688972032955031E-010
 1.0796179169339589E-010
 1.2109726064000370E-010
 1.3517554352347806E-010
 1.3057026386827370E-010
 9.7275119046813090E-011
 9.3114516362726814E-011
 9.2870954494754657E-011
 1.1832236948781459E-010
 1.2457822682493892E-010
 1.0072605229561421E-010
 9.0767141941101734E-011
 1.0888970995462196E-010
 1.0628509490250846E-010
 8.4416150728344257E-011
 9.5961851907378668E-011
 1.0406323374174578E-010
 1.0912634034207079E-010
 8.4276602421734774E-011
 8.0300626443913270E-011
 9.6647782234822394E-011
 1.0584881147463817E-010
 7.0719955204006581E-011
 8.9763141798996727E-011
 1.0310581031515627E-010
 1.0155215435438479E-010
 8.7853437329529808E-011
 6.3237069540964153E-011
 9.7350566947436927E-011
 7.9510510172864142E-011
 6.4942555624430921E-011
 6.8637220932788008E-011
 8.7417098873941209E-011
 6.3965579222278269E-011
 8.4819100436528110E-011
 6.3001166049799468E-011
 5.8563427889774452E-011
 7.2573081716909129E-011
 7.4218917185831274E-011
 5.7292065087578613E-011
 4.9448400430621207E-011
 5.4991702711277683E-011
 4.6641120695747850E-011
 5.6967310054654669E-011
 6.0868298680647227E-011
 7.0090228067158073E-011
 6.1731766408076722E-011
 6.7052471251037298E-011
 5.8089072633616547E-011
 4.8945553791001770E-011
 4.0588070251530421E-011
 4.5620419448731429E-011
 3.7926603549870860E-011
 4.9910658334402255E-011
 4.4747472142857137E-011
 5.9839913147732162E-011
 5.9225101210848604E-011
 5.1203748394208528E-011
 3.3650986848863881E-011
 4.9374667606431232E-011
 5.5203557266703249E-011
 5.3573263932015098E-011
 3.5251142861172224E-011
 4.5730579892246211E-011
 2.8142330915044006E-011
 2.7293451951470812E-011
 3.1789633790292450E-011
 4.7935667940448481E-011
 3.3051680906418310E-011
 2.6102879390514526E-011
 3.0214188489740914E-011
 4.4355422440712695E-011
 2.5248016996849598E-011
 2.4443863838395210E-011
 6.2024742569175722E-011
 3.3207852837815902E-011
 2.6806905686755177E-011
 3.7355581157774028E-011
 3.4799037210066729E-011
 2.0547931988346510E-011
 3.7607120539916681E-011
 3.0332082758091392E-011
 3.2305723969967989E-011
 3.1901710364855887E-011
 2.4726779589019391E-011
 1.7819867394593383E-011
 1.9885681343343052E-011
 3.2838445869869201E-011
 1.8043207496067121E-011
 1.5795911731511363E-011
 1.8768954180932690E-011
 2.9285218021412121E-011
 2.3756585040323530E-011
 2.2158105828209805E-011
 2.8409713209262068E-011
 1.3729818425063664E-011
 1.5495081727546471E-011
 1.2834651666879738E-011
 2.2852993940508990E-011
 1.1807234335214544E-011
 1.3826532454624386E-011
 1.8753610302189179E-011
 1.7144272785105055E-011
 2.2066516786725183E-011
 1.7156522807726246E-011
 7.4503549821147107E-011
 7.4998296003312495E-011
 7.6353273176709466E-011
 1.4808752419157919E-011
 8.5734795716597143E-012
 9.0220737982420682E-012
 9.0663743651568164E-012
 1.7291238455285621E-011
 2.0206094145115589E-011
 1.2687163497188233E-011
 1.9825831782089235E-011
 1.5177575445809504E-011
 2.0027120671298021E-011
 9.7603971377190226E-012
 1.3379943750191169E-011
 9.2217538249264522E-012
 1.9092171982788965E-011
 1.5673154780131947E-011
 1.8578817609143497E-011
 8.3844767704029159E-012
 9.4823703375033470E-012
 8.8761266918869909E-012
 1.5354673195611077E-011
 1.6776025920207501E-011
 1.0068562680604962E-011
 1.6427815686975968E-011
 1.5947034677457323E-011
 1.1450915921514973E-011
 1.5919026323054514E-011
 1.5829617867013534E-011
 7.3494361027520848E-012
 1.1156537174210604E-011
 7.7329963301861177E-012
 1.4196422737931273E-011
 1.3471523501442904E-011
 1.0195184137624623E-011
 1.3041277588888538E-011
 1.3110944977611159E-011
 5.4594281879370224E-012
 7.1932520745599923E-012
 5.7737075664873925E-012
 8.9440249615160866E-012
 7.6340999156850249E-012
 7.2203222204324724E-012
 4.6989021706346635E-012
 9.8013485554270714E-012
 4.2144630203359255E-012
 5.2252891531917690E-012
 9.2797364400705164E-012
 1.0092340620378326E-011
 4.2674254082878864E-012
 8.0141518704285912E-012
 4.3586906863825273E-012
 9.7500626754257041E-012
 9.0690102336979581E-012
 1.4187387387773657E-011
 1.2732230568651127E-011
 8.9906965666942812E-012
 1.6269265087480448E-011
 1.8946864266081164E-011
 1.5778663193295559E-011
